0.000000e+00 0.000000e+00 1.000000e+00
0.000000e+00 3.141593e-01 1.257926e+00
0.000000e+00 6.283185e-01 1.253698e+00
0.000000e+00 9.424778e-01 1.242983e+00
0.000000e+00 1.256637e+00 1.242122e+00
0.000000e+00 1.570796e+00 1.238693e+00
0.000000e+00 1.884956e+00 1.237367e+00
0.000000e+00 2.199115e+00 1.241308e+00
0.000000e+00 2.513274e+00 1.238025e+00
0.000000e+00 2.827433e+00 1.250104e+00
0.000000e+00 3.141593e+00 1.243858e+00
0.000000e+00 3.455752e+00 1.263138e+00
0.000000e+00 3.769911e+00 1.255203e+00
0.000000e+00 4.084070e+00 1.278023e+00
0.000000e+00 4.398230e+00 1.269025e+00
0.000000e+00 4.712389e+00 1.292713e+00
0.000000e+00 5.026548e+00 1.282503e+00
0.000000e+00 5.340708e+00 1.305360e+00
0.000000e+00 5.654867e+00 1.292580e+00
0.000000e+00 5.969026e+00 1.313080e+00
0.000000e+00 6.283185e+00 1.000000e+00

3.141593e-01 0.000000e+00 1.858961e+00
3.141593e-01 3.141593e-01 1.871274e+00
3.141593e-01 6.283185e-01 1.811573e+00
3.141593e-01 9.424778e-01 1.831468e+00
3.141593e-01 1.256637e+00 1.789309e+00
3.141593e-01 1.570796e+00 1.809456e+00
3.141593e-01 1.884956e+00 1.780748e+00
3.141593e-01 2.199115e+00 1.798275e+00
3.141593e-01 2.513274e+00 1.780522e+00
3.141593e-01 2.827433e+00 1.793251e+00
3.141593e-01 3.141593e+00 1.783928e+00
3.141593e-01 3.455752e+00 1.790110e+00
3.141593e-01 3.769911e+00 1.786664e+00
3.141593e-01 4.084070e+00 1.785885e+00
3.141593e-01 4.398230e+00 1.786412e+00
3.141593e-01 4.712389e+00 1.779989e+00
3.141593e-01 5.026548e+00 1.783641e+00
3.141593e-01 5.340708e+00 1.774048e+00
3.141593e-01 5.654867e+00 1.780532e+00
3.141593e-01 5.969026e+00 1.770418e+00
3.141593e-01 6.283185e+00 1.779062e+00

6.283185e-01 0.000000e+00 1.254480e+00
6.283185e-01 3.141593e-01 1.248297e+00
6.283185e-01 6.283185e-01 1.249675e+00
6.283185e-01 9.424778e-01 1.242877e+00
6.283185e-01 1.256637e+00 1.242531e+00
6.283185e-01 1.570796e+00 1.240570e+00
6.283185e-01 1.884956e+00 1.238990e+00
6.283185e-01 2.199115e+00 1.243792e+00
6.283185e-01 2.513274e+00 1.240379e+00
6.283185e-01 2.827433e+00 1.252882e+00
6.283185e-01 3.141593e+00 1.246758e+00
6.283185e-01 3.455752e+00 1.265749e+00
6.283185e-01 3.769911e+00 1.257822e+00
6.283185e-01 4.084070e+00 1.279822e+00
6.283185e-01 4.398230e+00 1.270638e+00
6.283185e-01 4.712389e+00 1.293399e+00
6.283185e-01 5.026548e+00 1.282980e+00
6.283185e-01 5.340708e+00 1.305052e+00
6.283185e-01 5.654867e+00 1.292213e+00
6.283185e-01 5.969026e+00 1.312145e+00
6.283185e-01 6.283185e+00 1.294588e+00

9.424778e-01 0.000000e+00 1.772686e+00
9.424778e-01 3.141593e-01 1.815785e+00
9.424778e-01 6.283185e-01 1.770398e+00
9.424778e-01 9.424778e-01 1.802690e+00
9.424778e-01 1.256637e+00 1.764321e+00
9.424778e-01 1.570796e+00 1.791112e+00
9.424778e-01 1.884956e+00 1.763483e+00
9.424778e-01 2.199115e+00 1.785881e+00
9.424778e-01 2.513274e+00 1.769443e+00
9.424778e-01 2.827433e+00 1.786148e+00
9.424778e-01 3.141593e+00 1.779133e+00
9.424778e-01 3.455752e+00 1.787404e+00
9.424778e-01 3.769911e+00 1.786947e+00
9.424778e-01 4.084070e+00 1.785434e+00
9.424778e-01 4.398230e+00 1.788159e+00
9.424778e-01 4.712389e+00 1.779154e+00
9.424778e-01 5.026548e+00 1.784241e+00
9.424778e-01 5.340708e+00 1.771648e+00
9.424778e-01 5.654867e+00 1.779735e+00
9.424778e-01 5.969026e+00 1.767020e+00
9.424778e-01 6.283185e+00 1.778192e+00

1.256637e+00 0.000000e+00 1.251112e+00
1.256637e+00 3.141593e-01 1.242653e+00
1.256637e+00 6.283185e-01 1.247412e+00
1.256637e+00 9.424778e-01 1.240910e+00
1.256637e+00 1.256637e+00 1.241672e+00
1.256637e+00 1.570796e+00 1.238810e+00
1.256637e+00 1.884956e+00 1.237249e+00
1.256637e+00 2.199115e+00 1.240361e+00
1.256637e+00 2.513274e+00 1.236942e+00
1.256637e+00 2.827433e+00 1.248892e+00
1.256637e+00 3.141593e+00 1.242628e+00
1.256637e+00 3.455752e+00 1.264834e+00
1.256637e+00 3.769911e+00 1.257877e+00
1.256637e+00 4.084070e+00 1.282288e+00
1.256637e+00 4.398230e+00 1.273460e+00
1.256637e+00 4.712389e+00 1.296872e+00
1.256637e+00 5.026548e+00 1.286529e+00
1.256637e+00 5.340708e+00 1.308505e+00
1.256637e+00 5.654867e+00 1.296006e+00
1.256637e+00 5.969026e+00 1.315880e+00
1.256637e+00 6.283185e+00 1.299368e+00

1.570796e+00 0.000000e+00 1.740858e+00
1.570796e+00 3.141593e-01 1.791268e+00
1.570796e+00 6.283185e-01 1.742231e+00
1.570796e+00 9.424778e-01 1.780732e+00
1.570796e+00 1.256637e+00 1.736435e+00
1.570796e+00 1.570796e+00 1.767260e+00
1.570796e+00 1.884956e+00 1.731457e+00
1.570796e+00 2.199115e+00 1.757007e+00
1.570796e+00 2.513274e+00 1.732627e+00
1.570796e+00 2.827433e+00 1.753137e+00
1.570796e+00 3.141593e+00 1.742679e+00
1.570796e+00 3.455752e+00 1.757481e+00
1.570796e+00 3.769911e+00 1.763929e+00
1.570796e+00 4.084070e+00 1.765297e+00
1.570796e+00 4.398230e+00 1.775816e+00
1.570796e+00 4.712389e+00 1.765187e+00
1.570796e+00 5.026548e+00 1.775900e+00
1.570796e+00 5.340708e+00 1.759453e+00
1.570796e+00 5.654867e+00 1.772165e+00
1.570796e+00 5.969026e+00 1.755028e+00
1.570796e+00 6.283185e+00 1.771670e+00

1.884956e+00 0.000000e+00 1.246394e+00
1.884956e+00 3.141593e-01 1.235411e+00
1.884956e+00 6.283185e-01 1.241893e+00
1.884956e+00 9.424778e-01 1.233557e+00
1.884956e+00 1.256637e+00 1.235515e+00
1.884956e+00 1.570796e+00 1.229860e+00
1.884956e+00 1.884956e+00 1.229478e+00
1.884956e+00 2.199115e+00 1.227802e+00
1.884956e+00 2.513274e+00 1.225853e+00
1.884956e+00 2.827433e+00 1.231636e+00
1.884956e+00 3.141593e+00 1.223762e+00
1.884956e+00 3.455752e+00 1.253887e+00
1.884956e+00 3.769911e+00 1.250198e+00
1.884956e+00 4.084070e+00 1.282620e+00
1.884956e+00 4.398230e+00 1.276891e+00
1.884956e+00 4.712389e+00 1.304307e+00
1.884956e+00 5.026548e+00 1.295464e+00
1.884956e+00 5.340708e+00 1.318123e+00
1.884956e+00 5.654867e+00 1.306260e+00
1.884956e+00 5.969026e+00 1.325615e+00
1.884956e+00 6.283185e+00 1.310546e+00

2.199115e+00 0.000000e+00 1.732255e+00
2.199115e+00 3.141593e-01 1.792644e+00
2.199115e+00 6.283185e-01 1.731004e+00
2.199115e+00 9.424778e-01 1.773326e+00
2.199115e+00 1.256637e+00 1.715451e+00
2.199115e+00 1.570796e+00 1.748641e+00
2.199115e+00 1.884956e+00 1.695249e+00
2.199115e+00 2.199115e+00 1.722407e+00
2.199115e+00 2.513274e+00 1.674841e+00
2.199115e+00 2.827433e+00 1.694658e+00
2.199115e+00 3.141593e+00 1.659660e+00
2.199115e+00 3.455752e+00 1.689365e+00
2.199115e+00 3.769911e+00 1.709178e+00
2.199115e+00 4.084070e+00 1.717116e+00
2.199115e+00 4.398230e+00 1.741636e+00
2.199115e+00 4.712389e+00 1.730056e+00
2.199115e+00 5.026548e+00 1.749841e+00
2.199115e+00 5.340708e+00 1.729469e+00
2.199115e+00 5.654867e+00 1.748685e+00
2.199115e+00 5.969026e+00 1.726559e+00
2.199115e+00 6.283185e+00 1.749322e+00

2.513274e+00 0.000000e+00 1.239166e+00
2.513274e+00 3.141593e-01 1.225899e+00
2.513274e+00 6.283185e-01 1.232033e+00
2.513274e+00 9.424778e-01 1.220113e+00
2.513274e+00 1.256637e+00 1.222111e+00
2.513274e+00 1.570796e+00 1.211927e+00
2.513274e+00 1.884956e+00 1.212366e+00
2.513274e+00 2.199115e+00 1.203237e+00
2.513274e+00 2.513274e+00 1.203456e+00
2.513274e+00 2.827433e+00 1.180533e+00
2.513274e+00 3.141593e+00 1.164749e+00
2.513274e+00 3.455752e+00 1.218903e+00
2.513274e+00 3.769911e+00 1.227533e+00
2.513274e+00 4.084070e+00 1.278621e+00
2.513274e+00 4.398230e+00 1.281446e+00
2.513274e+00 4.712389e+00 1.316501e+00
2.513274e+00 5.026548e+00 1.311219e+00
2.513274e+00 5.340708e+00 1.334557e+00
2.513274e+00 5.654867e+00 1.323777e+00
2.513274e+00 5.969026e+00 1.341611e+00
2.513274e+00 6.283185e+00 1.327906e+00

2.827433e+00 0.000000e+00 1.789704e+00
2.827433e+00 3.141593e-01 1.833198e+00
2.827433e+00 6.283185e-01 1.746095e+00
2.827433e+00 9.424778e-01 1.784165e+00
2.827433e+00 1.256637e+00 1.709030e+00
2.827433e+00 1.570796e+00 1.742576e+00
2.827433e+00 1.884956e+00 1.666744e+00
2.827433e+00 2.199115e+00 1.694748e+00
2.827433e+00 2.513274e+00 1.598672e+00
2.827433e+00 2.827433e+00 1.594930e+00
2.827433e+00 3.141593e+00 1.465951e+00
2.827433e+00 3.455752e+00 1.553454e+00
2.827433e+00 3.769911e+00 1.619331e+00
2.827433e+00 4.084070e+00 1.635035e+00
2.827433e+00 4.398230e+00 1.680395e+00
2.827433e+00 4.712389e+00 1.668191e+00
2.827433e+00 5.026548e+00 1.700800e+00
2.827433e+00 5.340708e+00 1.678298e+00
2.827433e+00 5.654867e+00 1.705318e+00
2.827433e+00 5.969026e+00 1.679398e+00
2.827433e+00 6.283185e+00 1.706458e+00

3.141593e+00 0.000000e+00 1.000000e+00
3.141593e+00 3.141593e-01 1.219905e+00
3.141593e+00 6.283185e-01 1.223501e+00
3.141593e+00 9.424778e-01 1.207777e+00
3.141593e+00 1.256637e+00 1.208965e+00
3.141593e+00 1.570796e+00 1.195020e+00
3.141593e+00 1.884956e+00 1.195227e+00
3.141593e+00 2.199115e+00 1.188795e+00
3.141593e+00 2.513274e+00 1.180365e+00
3.141593e+00 2.827433e+00 1.029842e+00
3.141593e+00 3.141593e+00 9.928583e-01
3.141593e+00 3.455752e+00 1.125074e+00
3.141593e+00 3.769911e+00 1.180387e+00
3.141593e+00 4.084070e+00 1.270302e+00
3.141593e+00 4.398230e+00 1.292683e+00
3.141593e+00 4.712389e+00 1.334791e+00
3.141593e+00 5.026548e+00 1.334531e+00
3.141593e+00 5.340708e+00 1.356267e+00
3.141593e+00 5.654867e+00 1.347156e+00
3.141593e+00 5.969026e+00 1.361946e+00
3.141593e+00 6.283185e+00 1.349588e+00

3.455752e+00 0.000000e+00 1.263729e+00
3.455752e+00 3.141593e-01 1.214410e+00
3.455752e+00 6.283185e-01 1.245321e+00
3.455752e+00 9.424778e-01 1.197532e+00
3.455752e+00 1.256637e+00 1.232333e+00
3.455752e+00 1.570796e+00 1.178843e+00
3.455752e+00 1.884956e+00 1.228343e+00
3.455752e+00 2.199115e+00 1.162339e+00
3.455752e+00 2.513274e+00 1.243516e+00
3.455752e+00 2.827433e+00 1.148493e+00
3.455752e+00 3.141593e+00 1.279448e+00
3.455752e+00 3.455752e+00 1.308295e+00
3.455752e+00 3.769911e+00 1.471601e+00
3.455752e+00 4.084070e+00 1.508227e+00
3.455752e+00 4.398230e+00 1.598383e+00
3.455752e+00 4.712389e+00 1.592819e+00
3.455752e+00 5.026548e+00 1.643100e+00
3.455752e+00 5.340708e+00 1.620208e+00
3.455752e+00 5.654867e+00 1.655314e+00
3.455752e+00 5.969026e+00 1.626509e+00
3.455752e+00 6.283185e+00 1.656417e+00

3.769911e+00 0.000000e+00 1.241246e+00
3.769911e+00 3.141593e-01 1.216906e+00
3.769911e+00 6.283185e-01 1.220144e+00
3.769911e+00 9.424778e-01 1.197727e+00
3.769911e+00 1.256637e+00 1.198447e+00
3.769911e+00 1.570796e+00 1.176275e+00
3.769911e+00 1.884956e+00 1.176961e+00
3.769911e+00 2.199115e+00 1.150828e+00
3.769911e+00 2.513274e+00 1.150712e+00
3.769911e+00 2.827433e+00 1.104331e+00
3.769911e+00 3.141593e+00 1.098950e+00
3.769911e+00 3.455752e+00 1.172674e+00
3.769911e+00 3.769911e+00 1.231071e+00
3.769911e+00 4.084070e+00 1.302502e+00
3.769911e+00 4.398230e+00 1.329630e+00
3.769911e+00 4.712389e+00 1.362869e+00
3.769911e+00 5.026548e+00 1.364995e+00
3.769911e+00 5.340708e+00 1.380828e+00
3.769911e+00 5.654867e+00 1.373476e+00
3.769911e+00 5.969026e+00 1.383398e+00
3.769911e+00 6.283185e+00 1.373164e+00

4.084070e+00 0.000000e+00 1.245126e+00
4.084070e+00 3.141593e-01 1.213020e+00
4.084070e+00 6.283185e-01 1.240656e+00
4.084070e+00 9.424778e-01 1.202614e+00
4.084070e+00 1.256637e+00 1.233091e+00
4.084070e+00 1.570796e+00 1.189892e+00
4.084070e+00 1.884956e+00 1.231745e+00
4.084070e+00 2.199115e+00 1.183008e+00
4.084070e+00 2.513274e+00 1.242179e+00
4.084070e+00 2.827433e+00 1.192825e+00
4.084070e+00 3.141593e+00 1.265119e+00
4.084070e+00 3.455752e+00 1.299792e+00
4.084070e+00 3.769911e+00 1.430813e+00
4.084070e+00 4.084070e+00 1.462366e+00
4.084070e+00 4.398230e+00 1.552258e+00
4.084070e+00 4.712389e+00 1.545542e+00
4.084070e+00 5.026548e+00 1.600853e+00
4.084070e+00 5.340708e+00 1.576229e+00
4.084070e+00 5.654867e+00 1.615214e+00
4.084070e+00 5.969026e+00 1.583776e+00
4.084070e+00 6.283185e+00 1.615502e+00

4.398230e+00 0.000000e+00 1.225655e+00
4.398230e+00 3.141593e-01 1.206549e+00
4.398230e+00 6.283185e-01 1.211372e+00
4.398230e+00 9.424778e-01 1.189268e+00
4.398230e+00 1.256637e+00 1.191784e+00
4.398230e+00 1.570796e+00 1.170285e+00
4.398230e+00 1.884956e+00 1.175184e+00
4.398230e+00 2.199115e+00 1.156023e+00
4.398230e+00 2.513274e+00 1.167350e+00
4.398230e+00 2.827433e+00 1.159472e+00
4.398230e+00 3.141593e+00 1.184319e+00
4.398230e+00 3.455752e+00 1.243934e+00
4.398230e+00 3.769911e+00 1.299290e+00
4.398230e+00 4.084070e+00 1.348585e+00
4.398230e+00 4.398230e+00 1.372112e+00
4.398230e+00 4.712389e+00 1.393282e+00
4.398230e+00 5.026548e+00 1.395231e+00
4.398230e+00 5.340708e+00 1.404066e+00
4.398230e+00 5.654867e+00 1.397865e+00
4.398230e+00 5.969026e+00 1.402572e+00
4.398230e+00 6.283185e+00 1.395299e+00

4.712389e+00 0.000000e+00 1.213206e+00
4.712389e+00 3.141593e-01 1.205024e+00
4.712389e+00 6.283185e-01 1.229147e+00
4.712389e+00 9.424778e-01 1.207449e+00
4.712389e+00 1.256637e+00 1.235365e+00
4.712389e+00 1.570796e+00 1.208440e+00
4.712389e+00 1.884956e+00 1.247486e+00
4.712389e+00 2.199115e+00 1.220797e+00
4.712389e+00 2.513274e+00 1.278806e+00
4.712389e+00 2.827433e+00 1.265323e+00
4.712389e+00 3.141593e+00 1.345094e+00
4.712389e+00 3.455752e+00 1.368177e+00
4.712389e+00 3.769911e+00 1.465810e+00
4.712389e+00 4.084070e+00 1.474201e+00
4.712389e+00 4.398230e+00 1.546127e+00
4.712389e+00 4.712389e+00 1.530248e+00
4.712389e+00 5.026548e+00 1.580696e+00
4.712389e+00 5.340708e+00 1.552273e+00
4.712389e+00 5.654867e+00 1.590823e+00
4.712389e+00 5.969026e+00 1.557207e+00
4.712389e+00 6.283185e+00 1.589987e+00

5.026548e+00 0.000000e+00 1.188889e+00
5.026548e+00 3.141593e-01 1.184404e+00
5.026548e+00 6.283185e-01 1.193498e+00
5.026548e+00 9.424778e-01 1.182823e+00
5.026548e+00 1.256637e+00 1.193370e+00
5.026548e+00 1.570796e+00 1.183416e+00
5.026548e+00 1.884956e+00 1.200910e+00
5.026548e+00 2.199115e+00 1.197954e+00
5.026548e+00 2.513274e+00 1.228567e+00
5.026548e+00 2.827433e+00 1.242023e+00
5.026548e+00 3.141593e+00 1.286546e+00
5.026548e+00 3.455752e+00 1.325647e+00
5.026548e+00 3.769911e+00 1.366494e+00
5.026548e+00 4.084070e+00 1.393001e+00
5.026548e+00 4.398230e+00 1.408897e+00
5.026548e+00 4.712389e+00 1.419177e+00
5.026548e+00 5.026548e+00 1.419141e+00
5.026548e+00 5.340708e+00 1.421765e+00
5.026548e+00 5.654867e+00 1.415936e+00
5.026548e+00 5.969026e+00 1.416869e+00
5.026548e+00 6.283185e+00 1.412488e+00

5.340708e+00 0.000000e+00 1.178178e+00
5.340708e+00 3.141593e-01 1.185357e+00
5.340708e+00 6.283185e-01 1.213297e+00
5.340708e+00 9.424778e-01 1.210199e+00
5.340708e+00 1.256637e+00 1.244201e+00
5.340708e+00 1.570796e+00 1.236531e+00
5.340708e+00 1.884956e+00 1.283446e+00
5.340708e+00 2.199115e+00 1.276508e+00
5.340708e+00 2.513274e+00 1.341848e+00
5.340708e+00 2.827433e+00 1.341300e+00
5.340708e+00 3.141593e+00 1.420581e+00
5.340708e+00 3.455752e+00 1.426137e+00
5.340708e+00 3.769911e+00 1.502498e+00
5.340708e+00 4.084070e+00 1.493882e+00
5.340708e+00 4.398230e+00 1.552874e+00
5.340708e+00 4.712389e+00 1.529205e+00
5.340708e+00 5.026548e+00 1.574151e+00
5.340708e+00 5.340708e+00 1.542207e+00
5.340708e+00 5.654867e+00 1.579291e+00
5.340708e+00 5.969026e+00 1.544456e+00
5.340708e+00 6.283185e+00 1.578071e+00

5.654867e+00 0.000000e+00 1.153879e+00
5.654867e+00 3.141593e-01 1.160853e+00
5.654867e+00 6.283185e-01 1.176424e+00
5.654867e+00 9.424778e-01 1.178701e+00
5.654867e+00 1.256637e+00 1.198191e+00
5.654867e+00 1.570796e+00 1.200920e+00
5.654867e+00 1.884956e+00 1.229375e+00
5.654867e+00 2.199115e+00 1.238352e+00
5.654867e+00 2.513274e+00 1.279568e+00
5.654867e+00 2.827433e+00 1.298795e+00
5.654867e+00 3.141593e+00 1.346328e+00
5.654867e+00 3.455752e+00 1.371461e+00
5.654867e+00 3.769911e+00 1.404798e+00
5.654867e+00 4.084070e+00 1.419505e+00
5.654867e+00 4.398230e+00 1.431317e+00
5.654867e+00 4.712389e+00 1.435035e+00
5.654867e+00 5.026548e+00 1.433140e+00
5.654867e+00 5.340708e+00 1.431633e+00
5.654867e+00 5.654867e+00 1.425875e+00
5.654867e+00 5.969026e+00 1.424751e+00
5.654867e+00 6.283185e+00 1.422679e+00

5.969026e+00 0.000000e+00 1.155619e+00
5.969026e+00 3.141593e-01 1.170146e+00
5.969026e+00 6.283185e-01 1.202049e+00
5.969026e+00 9.424778e-01 1.209864e+00
5.969026e+00 1.256637e+00 1.249957e+00
5.969026e+00 1.570796e+00 1.254027e+00
5.969026e+00 1.884956e+00 1.306904e+00
5.969026e+00 2.199115e+00 1.309419e+00
5.969026e+00 2.513274e+00 1.376801e+00
5.969026e+00 2.827433e+00 1.378023e+00
5.969026e+00 3.141593e+00 1.453071e+00
5.969026e+00 3.455752e+00 1.449431e+00
5.969026e+00 3.769911e+00 1.517844e+00
5.969026e+00 4.084070e+00 1.502501e+00
5.969026e+00 4.398230e+00 1.557046e+00
5.969026e+00 4.712389e+00 1.530404e+00
5.969026e+00 5.026548e+00 1.573437e+00
5.969026e+00 5.340708e+00 1.540108e+00
5.969026e+00 5.654867e+00 1.576791e+00
5.969026e+00 5.969026e+00 1.541319e+00
5.969026e+00 6.283185e+00 1.575907e+00

6.283185e+00 0.000000e+00 1.000000e+00
6.283185e+00 3.141593e-01 1.155538e+00
6.283185e+00 6.283185e-01 1.171540e+00
6.283185e+00 9.424778e-01 1.176244e+00
6.283185e+00 1.256637e+00 1.197078e+00
6.283185e+00 1.570796e+00 1.203294e+00
6.283185e+00 1.884956e+00 1.233652e+00
6.283185e+00 2.199115e+00 1.246341e+00
6.283185e+00 2.513274e+00 1.289565e+00
6.283185e+00 2.827433e+00 1.311194e+00
6.283185e+00 3.141593e+00 1.360333e+00
6.283185e+00 3.455752e+00 1.385097e+00
6.283185e+00 3.769911e+00 1.418019e+00
6.283185e+00 4.084070e+00 1.430788e+00
6.283185e+00 4.398230e+00 1.441067e+00
6.283185e+00 4.712389e+00 1.442493e+00
6.283185e+00 5.026548e+00 1.438810e+00
6.283185e+00 5.340708e+00 1.435061e+00
6.283185e+00 5.654867e+00 1.427705e+00
6.283185e+00 5.969026e+00 1.424840e+00
6.283185e+00 6.283185e+00 1.000000e+00

