+0.00 	+0.01 	+0.03 	+0.04 	+0.05 	+0.07 	+0.08 	+0.09 	+0.10 	+0.11 	+0.11 	+0.12 	+0.13 	+0.13 	+0.13 	+0.13 	+0.13 	+0.13 	+0.13 	+0.12 	+0.11 	+0.11 	+0.10 	+0.09 	+0.08 	+0.07 	+0.05 	+0.04 	+0.03 	+0.01 	+0.00 	
+0.00 	+0.01 	+0.03 	+0.04 	+0.05 	+0.07 	+0.08 	+0.09 	+0.10 	+0.11 	+0.11 	+0.12 	+0.12 	+0.13 	+0.13 	+0.13 	+0.13 	+0.13 	+0.12 	+0.12 	+0.11 	+0.11 	+0.10 	+0.09 	+0.08 	+0.07 	+0.05 	+0.04 	+0.03 	+0.01 	+0.00 	
+0.00 	+0.01 	+0.03 	+0.04 	+0.05 	+0.06 	+0.08 	+0.09 	+0.10 	+0.10 	+0.11 	+0.12 	+0.12 	+0.13 	+0.13 	+0.13 	+0.13 	+0.13 	+0.12 	+0.12 	+0.11 	+0.10 	+0.10 	+0.09 	+0.08 	+0.06 	+0.05 	+0.04 	+0.03 	+0.01 	+0.00 	
+0.00 	+0.01 	+0.03 	+0.04 	+0.05 	+0.06 	+0.07 	+0.08 	+0.09 	+0.10 	+0.11 	+0.11 	+0.12 	+0.12 	+0.12 	+0.13 	+0.12 	+0.12 	+0.12 	+0.11 	+0.11 	+0.10 	+0.09 	+0.08 	+0.07 	+0.06 	+0.05 	+0.04 	+0.03 	+0.01 	+0.00 	
+0.00 	+0.01 	+0.03 	+0.04 	+0.05 	+0.06 	+0.07 	+0.08 	+0.09 	+0.10 	+0.10 	+0.11 	+0.11 	+0.12 	+0.12 	+0.12 	+0.12 	+0.12 	+0.11 	+0.11 	+0.10 	+0.10 	+0.09 	+0.08 	+0.07 	+0.06 	+0.05 	+0.04 	+0.03 	+0.01 	+0.00 	
+0.00 	+0.01 	+0.02 	+0.04 	+0.05 	+0.06 	+0.07 	+0.08 	+0.08 	+0.09 	+0.10 	+0.10 	+0.11 	+0.11 	+0.11 	+0.11 	+0.11 	+0.11 	+0.11 	+0.10 	+0.10 	+0.09 	+0.08 	+0.08 	+0.07 	+0.06 	+0.05 	+0.04 	+0.02 	+0.01 	+0.00 	
+0.00 	+0.01 	+0.02 	+0.03 	+0.04 	+0.05 	+0.06 	+0.07 	+0.08 	+0.09 	+0.09 	+0.10 	+0.10 	+0.10 	+0.11 	+0.11 	+0.11 	+0.10 	+0.10 	+0.10 	+0.09 	+0.09 	+0.08 	+0.07 	+0.06 	+0.05 	+0.04 	+0.03 	+0.02 	+0.01 	+0.00 	
+0.00 	+0.01 	+0.02 	+0.03 	+0.04 	+0.05 	+0.06 	+0.07 	+0.07 	+0.08 	+0.08 	+0.09 	+0.09 	+0.10 	+0.10 	+0.10 	+0.10 	+0.10 	+0.09 	+0.09 	+0.08 	+0.08 	+0.07 	+0.07 	+0.06 	+0.05 	+0.04 	+0.03 	+0.02 	+0.01 	+0.00 	
+0.00 	+0.01 	+0.02 	+0.03 	+0.04 	+0.04 	+0.05 	+0.06 	+0.07 	+0.07 	+0.08 	+0.08 	+0.08 	+0.09 	+0.09 	+0.09 	+0.09 	+0.09 	+0.08 	+0.08 	+0.08 	+0.07 	+0.07 	+0.06 	+0.05 	+0.04 	+0.04 	+0.03 	+0.02 	+0.01 	+0.00 	
+0.00 	+0.01 	+0.02 	+0.02 	+0.03 	+0.04 	+0.05 	+0.05 	+0.06 	+0.06 	+0.07 	+0.07 	+0.07 	+0.08 	+0.08 	+0.08 	+0.08 	+0.08 	+0.07 	+0.07 	+0.07 	+0.06 	+0.06 	+0.05 	+0.05 	+0.04 	+0.03 	+0.02 	+0.02 	+0.01 	+0.00 	
+0.00 	+0.01 	+0.01 	+0.02 	+0.03 	+0.03 	+0.04 	+0.04 	+0.05 	+0.05 	+0.06 	+0.06 	+0.06 	+0.06 	+0.07 	+0.07 	+0.07 	+0.06 	+0.06 	+0.06 	+0.06 	+0.05 	+0.05 	+0.04 	+0.04 	+0.03 	+0.03 	+0.02 	+0.01 	+0.01 	+0.00 	
+0.00 	+0.01 	+0.01 	+0.02 	+0.02 	+0.03 	+0.03 	+0.04 	+0.04 	+0.04 	+0.05 	+0.05 	+0.05 	+0.05 	+0.05 	+0.05 	+0.05 	+0.05 	+0.05 	+0.05 	+0.05 	+0.04 	+0.04 	+0.04 	+0.03 	+0.03 	+0.02 	+0.02 	+0.01 	+0.01 	+0.00 	
+0.00 	+0.00 	+0.01 	+0.01 	+0.02 	+0.02 	+0.02 	+0.03 	+0.03 	+0.03 	+0.04 	+0.04 	+0.04 	+0.04 	+0.04 	+0.04 	+0.04 	+0.04 	+0.04 	+0.04 	+0.04 	+0.03 	+0.03 	+0.03 	+0.02 	+0.02 	+0.02 	+0.01 	+0.01 	+0.00 	+0.00 	
+0.00 	+0.00 	+0.01 	+0.01 	+0.01 	+0.01 	+0.02 	+0.02 	+0.02 	+0.02 	+0.02 	+0.03 	+0.03 	+0.03 	+0.03 	+0.03 	+0.03 	+0.03 	+0.03 	+0.03 	+0.02 	+0.02 	+0.02 	+0.02 	+0.02 	+0.01 	+0.01 	+0.01 	+0.01 	+0.00 	+0.00 	
+0.00 	+0.00 	+0.00 	+0.00 	+0.01 	+0.01 	+0.01 	+0.01 	+0.01 	+0.01 	+0.01 	+0.01 	+0.01 	+0.01 	+0.01 	+0.01 	+0.01 	+0.01 	+0.01 	+0.01 	+0.01 	+0.01 	+0.01 	+0.01 	+0.01 	+0.01 	+0.01 	+0.00 	+0.00 	+0.00 	+0.00 	
+0.00 	+0.00 	+0.00 	+0.00 	+0.00 	+0.00 	+0.00 	+0.00 	+0.00 	+0.00 	+0.00 	+0.00 	+0.00 	+0.00 	+0.00 	+0.00 	+0.00 	+0.00 	+0.00 	+0.00 	+0.00 	+0.00 	+0.00 	+0.00 	+0.00 	+0.00 	+0.00 	+0.00 	+0.00 	+0.00 	+0.00 	
-0.00 	-0.00 	-0.00 	-0.00 	-0.01 	-0.01 	-0.01 	-0.01 	-0.01 	-0.01 	-0.01 	-0.01 	-0.01 	-0.01 	-0.01 	-0.01 	-0.01 	-0.01 	-0.01 	-0.01 	-0.01 	-0.01 	-0.01 	-0.01 	-0.01 	-0.01 	-0.01 	-0.00 	-0.00 	-0.00 	-0.00 	
-0.00 	-0.00 	-0.01 	-0.01 	-0.01 	-0.01 	-0.02 	-0.02 	-0.02 	-0.02 	-0.02 	-0.03 	-0.03 	-0.03 	-0.03 	-0.03 	-0.03 	-0.03 	-0.03 	-0.03 	-0.02 	-0.02 	-0.02 	-0.02 	-0.02 	-0.01 	-0.01 	-0.01 	-0.01 	-0.00 	-0.00 	
-0.00 	-0.00 	-0.01 	-0.01 	-0.02 	-0.02 	-0.02 	-0.03 	-0.03 	-0.03 	-0.04 	-0.04 	-0.04 	-0.04 	-0.04 	-0.04 	-0.04 	-0.04 	-0.04 	-0.04 	-0.04 	-0.03 	-0.03 	-0.03 	-0.02 	-0.02 	-0.02 	-0.01 	-0.01 	-0.00 	-0.00 	
-0.00 	-0.01 	-0.01 	-0.02 	-0.02 	-0.03 	-0.03 	-0.04 	-0.04 	-0.04 	-0.05 	-0.05 	-0.05 	-0.05 	-0.05 	-0.05 	-0.05 	-0.05 	-0.05 	-0.05 	-0.05 	-0.04 	-0.04 	-0.04 	-0.03 	-0.03 	-0.02 	-0.02 	-0.01 	-0.01 	-0.00 	
-0.00 	-0.01 	-0.01 	-0.02 	-0.03 	-0.03 	-0.04 	-0.04 	-0.05 	-0.05 	-0.06 	-0.06 	-0.06 	-0.06 	-0.07 	-0.07 	-0.07 	-0.06 	-0.06 	-0.06 	-0.06 	-0.05 	-0.05 	-0.04 	-0.04 	-0.03 	-0.03 	-0.02 	-0.01 	-0.01 	-0.00 	
-0.00 	-0.01 	-0.02 	-0.02 	-0.03 	-0.04 	-0.05 	-0.05 	-0.06 	-0.06 	-0.07 	-0.07 	-0.07 	-0.08 	-0.08 	-0.08 	-0.08 	-0.08 	-0.07 	-0.07 	-0.07 	-0.06 	-0.06 	-0.05 	-0.05 	-0.04 	-0.03 	-0.02 	-0.02 	-0.01 	-0.00 	
-0.00 	-0.01 	-0.02 	-0.03 	-0.04 	-0.04 	-0.05 	-0.06 	-0.07 	-0.07 	-0.08 	-0.08 	-0.08 	-0.09 	-0.09 	-0.09 	-0.09 	-0.09 	-0.08 	-0.08 	-0.08 	-0.07 	-0.07 	-0.06 	-0.05 	-0.04 	-0.04 	-0.03 	-0.02 	-0.01 	-0.00 	
-0.00 	-0.01 	-0.02 	-0.03 	-0.04 	-0.05 	-0.06 	-0.07 	-0.07 	-0.08 	-0.08 	-0.09 	-0.09 	-0.10 	-0.10 	-0.10 	-0.10 	-0.10 	-0.09 	-0.09 	-0.08 	-0.08 	-0.07 	-0.07 	-0.06 	-0.05 	-0.04 	-0.03 	-0.02 	-0.01 	-0.00 	
-0.00 	-0.01 	-0.02 	-0.03 	-0.04 	-0.05 	-0.06 	-0.07 	-0.08 	-0.09 	-0.09 	-0.10 	-0.10 	-0.10 	-0.11 	-0.11 	-0.11 	-0.10 	-0.10 	-0.10 	-0.09 	-0.09 	-0.08 	-0.07 	-0.06 	-0.05 	-0.04 	-0.03 	-0.02 	-0.01 	-0.00 	
-0.00 	-0.01 	-0.02 	-0.04 	-0.05 	-0.06 	-0.07 	-0.08 	-0.08 	-0.09 	-0.10 	-0.10 	-0.11 	-0.11 	-0.11 	-0.11 	-0.11 	-0.11 	-0.11 	-0.10 	-0.10 	-0.09 	-0.08 	-0.08 	-0.07 	-0.06 	-0.05 	-0.04 	-0.02 	-0.01 	-0.00 	
-0.00 	-0.01 	-0.03 	-0.04 	-0.05 	-0.06 	-0.07 	-0.08 	-0.09 	-0.10 	-0.10 	-0.11 	-0.11 	-0.12 	-0.12 	-0.12 	-0.12 	-0.12 	-0.11 	-0.11 	-0.10 	-0.10 	-0.09 	-0.08 	-0.07 	-0.06 	-0.05 	-0.04 	-0.03 	-0.01 	-0.00 	
-0.00 	-0.01 	-0.03 	-0.04 	-0.05 	-0.06 	-0.07 	-0.08 	-0.09 	-0.10 	-0.11 	-0.11 	-0.12 	-0.12 	-0.12 	-0.13 	-0.12 	-0.12 	-0.12 	-0.11 	-0.11 	-0.10 	-0.09 	-0.08 	-0.07 	-0.06 	-0.05 	-0.04 	-0.03 	-0.01 	-0.00 	
-0.00 	-0.01 	-0.03 	-0.04 	-0.05 	-0.06 	-0.08 	-0.09 	-0.10 	-0.10 	-0.11 	-0.12 	-0.12 	-0.13 	-0.13 	-0.13 	-0.13 	-0.13 	-0.12 	-0.12 	-0.11 	-0.10 	-0.10 	-0.09 	-0.08 	-0.06 	-0.05 	-0.04 	-0.03 	-0.01 	-0.00 	
-0.00 	-0.01 	-0.03 	-0.04 	-0.05 	-0.07 	-0.08 	-0.09 	-0.10 	-0.11 	-0.11 	-0.12 	-0.12 	-0.13 	-0.13 	-0.13 	-0.13 	-0.13 	-0.12 	-0.12 	-0.11 	-0.11 	-0.10 	-0.09 	-0.08 	-0.07 	-0.05 	-0.04 	-0.03 	-0.01 	-0.00 	

 
 
+0.00 	+0.00 	+0.00 	+0.00 	+0.00 	+0.00 	+0.00 	+0.00 	+0.00 	+0.00 	+0.00 	+0.00 	+0.00 	+0.00 	+0.00 	+0.00 	-0.00 	-0.00 	-0.00 	-0.00 	-0.00 	-0.00 	-0.00 	-0.00 	-0.00 	-0.00 	-0.00 	-0.00 	-0.00 	-0.00 	
+0.10 	+0.10 	+0.10 	+0.10 	+0.10 	+0.09 	+0.08 	+0.08 	+0.07 	+0.06 	+0.05 	+0.04 	+0.03 	+0.02 	+0.01 	+0.00 	-0.01 	-0.02 	-0.03 	-0.04 	-0.05 	-0.06 	-0.07 	-0.08 	-0.08 	-0.09 	-0.10 	-0.10 	-0.10 	-0.10 	
+0.21 	+0.21 	+0.20 	+0.20 	+0.19 	+0.18 	+0.17 	+0.15 	+0.14 	+0.12 	+0.10 	+0.08 	+0.06 	+0.04 	+0.02 	+0.00 	-0.02 	-0.04 	-0.06 	-0.08 	-0.10 	-0.12 	-0.14 	-0.15 	-0.17 	-0.18 	-0.19 	-0.20 	-0.20 	-0.21 	
+0.31 	+0.31 	+0.30 	+0.29 	+0.28 	+0.27 	+0.25 	+0.23 	+0.21 	+0.18 	+0.15 	+0.13 	+0.10 	+0.06 	+0.03 	+0.00 	-0.03 	-0.06 	-0.10 	-0.13 	-0.15 	-0.18 	-0.21 	-0.23 	-0.25 	-0.27 	-0.28 	-0.29 	-0.30 	-0.31 	
+0.41 	+0.40 	+0.40 	+0.39 	+0.37 	+0.35 	+0.33 	+0.30 	+0.27 	+0.24 	+0.20 	+0.17 	+0.13 	+0.08 	+0.04 	+0.00 	-0.04 	-0.08 	-0.13 	-0.17 	-0.20 	-0.24 	-0.27 	-0.30 	-0.33 	-0.35 	-0.37 	-0.39 	-0.40 	-0.40 	
+0.50 	+0.50 	+0.49 	+0.48 	+0.46 	+0.43 	+0.40 	+0.37 	+0.33 	+0.29 	+0.25 	+0.20 	+0.15 	+0.10 	+0.05 	+0.00 	-0.05 	-0.10 	-0.15 	-0.20 	-0.25 	-0.29 	-0.33 	-0.37 	-0.40 	-0.43 	-0.46 	-0.48 	-0.49 	-0.50 	
+0.59 	+0.58 	+0.57 	+0.56 	+0.54 	+0.51 	+0.48 	+0.44 	+0.39 	+0.35 	+0.29 	+0.24 	+0.18 	+0.12 	+0.06 	+0.00 	-0.06 	-0.12 	-0.18 	-0.24 	-0.29 	-0.35 	-0.39 	-0.44 	-0.48 	-0.51 	-0.54 	-0.56 	-0.57 	-0.58 	
+0.67 	+0.67 	+0.65 	+0.64 	+0.61 	+0.58 	+0.54 	+0.50 	+0.45 	+0.39 	+0.33 	+0.27 	+0.21 	+0.14 	+0.07 	+0.00 	-0.07 	-0.14 	-0.21 	-0.27 	-0.33 	-0.39 	-0.45 	-0.50 	-0.54 	-0.58 	-0.61 	-0.64 	-0.65 	-0.67 	
+0.74 	+0.74 	+0.73 	+0.71 	+0.68 	+0.64 	+0.60 	+0.55 	+0.50 	+0.44 	+0.37 	+0.30 	+0.23 	+0.15 	+0.08 	+0.00 	-0.08 	-0.15 	-0.23 	-0.30 	-0.37 	-0.44 	-0.50 	-0.55 	-0.60 	-0.64 	-0.68 	-0.71 	-0.73 	-0.74 	
+0.81 	+0.80 	+0.79 	+0.77 	+0.74 	+0.70 	+0.65 	+0.60 	+0.54 	+0.48 	+0.40 	+0.33 	+0.25 	+0.17 	+0.08 	+0.00 	-0.08 	-0.17 	-0.25 	-0.33 	-0.40 	-0.48 	-0.54 	-0.60 	-0.65 	-0.70 	-0.74 	-0.77 	-0.79 	-0.80 	
+0.87 	+0.86 	+0.85 	+0.82 	+0.79 	+0.75 	+0.70 	+0.64 	+0.58 	+0.51 	+0.43 	+0.35 	+0.27 	+0.18 	+0.09 	+0.00 	-0.09 	-0.18 	-0.27 	-0.35 	-0.43 	-0.51 	-0.58 	-0.64 	-0.70 	-0.75 	-0.79 	-0.82 	-0.85 	-0.86 	
+0.91 	+0.91 	+0.89 	+0.87 	+0.83 	+0.79 	+0.74 	+0.68 	+0.61 	+0.54 	+0.46 	+0.37 	+0.28 	+0.19 	+0.10 	+0.00 	-0.10 	-0.19 	-0.28 	-0.37 	-0.46 	-0.54 	-0.61 	-0.68 	-0.74 	-0.79 	-0.83 	-0.87 	-0.89 	-0.91 	
+0.95 	+0.95 	+0.93 	+0.90 	+0.87 	+0.82 	+0.77 	+0.71 	+0.64 	+0.56 	+0.48 	+0.39 	+0.29 	+0.20 	+0.10 	+0.00 	-0.10 	-0.20 	-0.29 	-0.39 	-0.48 	-0.56 	-0.64 	-0.71 	-0.77 	-0.82 	-0.87 	-0.90 	-0.93 	-0.95 	
+0.98 	+0.97 	+0.96 	+0.93 	+0.89 	+0.85 	+0.79 	+0.73 	+0.65 	+0.57 	+0.49 	+0.40 	+0.30 	+0.20 	+0.10 	+0.00 	-0.10 	-0.20 	-0.30 	-0.40 	-0.49 	-0.57 	-0.65 	-0.73 	-0.79 	-0.85 	-0.89 	-0.93 	-0.96 	-0.97 	
+0.99 	+0.99 	+0.97 	+0.95 	+0.91 	+0.86 	+0.80 	+0.74 	+0.67 	+0.58 	+0.50 	+0.40 	+0.31 	+0.21 	+0.10 	+0.00 	-0.10 	-0.21 	-0.31 	-0.40 	-0.50 	-0.58 	-0.67 	-0.74 	-0.80 	-0.86 	-0.91 	-0.95 	-0.97 	-0.99 	
+1.00 	+0.99 	+0.98 	+0.95 	+0.91 	+0.87 	+0.81 	+0.74 	+0.67 	+0.59 	+0.50 	+0.41 	+0.31 	+0.21 	+0.10 	+0.00 	-0.10 	-0.21 	-0.31 	-0.41 	-0.50 	-0.59 	-0.67 	-0.74 	-0.81 	-0.87 	-0.91 	-0.95 	-0.98 	-0.99 	
+0.99 	+0.99 	+0.97 	+0.95 	+0.91 	+0.86 	+0.80 	+0.74 	+0.67 	+0.58 	+0.50 	+0.40 	+0.31 	+0.21 	+0.10 	+0.00 	-0.10 	-0.21 	-0.31 	-0.40 	-0.50 	-0.58 	-0.67 	-0.74 	-0.80 	-0.86 	-0.91 	-0.95 	-0.97 	-0.99 	
+0.98 	+0.97 	+0.96 	+0.93 	+0.89 	+0.85 	+0.79 	+0.73 	+0.65 	+0.57 	+0.49 	+0.40 	+0.30 	+0.20 	+0.10 	+0.00 	-0.10 	-0.20 	-0.30 	-0.40 	-0.49 	-0.57 	-0.65 	-0.73 	-0.79 	-0.85 	-0.89 	-0.93 	-0.96 	-0.97 	
+0.95 	+0.95 	+0.93 	+0.90 	+0.87 	+0.82 	+0.77 	+0.71 	+0.64 	+0.56 	+0.48 	+0.39 	+0.29 	+0.20 	+0.10 	+0.00 	-0.10 	-0.20 	-0.29 	-0.39 	-0.48 	-0.56 	-0.64 	-0.71 	-0.77 	-0.82 	-0.87 	-0.90 	-0.93 	-0.95 	
+0.91 	+0.91 	+0.89 	+0.87 	+0.83 	+0.79 	+0.74 	+0.68 	+0.61 	+0.54 	+0.46 	+0.37 	+0.28 	+0.19 	+0.10 	+0.00 	-0.10 	-0.19 	-0.28 	-0.37 	-0.46 	-0.54 	-0.61 	-0.68 	-0.74 	-0.79 	-0.83 	-0.87 	-0.89 	-0.91 	
+0.87 	+0.86 	+0.85 	+0.82 	+0.79 	+0.75 	+0.70 	+0.64 	+0.58 	+0.51 	+0.43 	+0.35 	+0.27 	+0.18 	+0.09 	+0.00 	-0.09 	-0.18 	-0.27 	-0.35 	-0.43 	-0.51 	-0.58 	-0.64 	-0.70 	-0.75 	-0.79 	-0.82 	-0.85 	-0.86 	
+0.81 	+0.80 	+0.79 	+0.77 	+0.74 	+0.70 	+0.65 	+0.60 	+0.54 	+0.48 	+0.40 	+0.33 	+0.25 	+0.17 	+0.08 	+0.00 	-0.08 	-0.17 	-0.25 	-0.33 	-0.40 	-0.48 	-0.54 	-0.60 	-0.65 	-0.70 	-0.74 	-0.77 	-0.79 	-0.80 	
+0.74 	+0.74 	+0.73 	+0.71 	+0.68 	+0.64 	+0.60 	+0.55 	+0.50 	+0.44 	+0.37 	+0.30 	+0.23 	+0.15 	+0.08 	+0.00 	-0.08 	-0.15 	-0.23 	-0.30 	-0.37 	-0.44 	-0.50 	-0.55 	-0.60 	-0.64 	-0.68 	-0.71 	-0.73 	-0.74 	
+0.67 	+0.67 	+0.65 	+0.64 	+0.61 	+0.58 	+0.54 	+0.50 	+0.45 	+0.39 	+0.33 	+0.27 	+0.21 	+0.14 	+0.07 	+0.00 	-0.07 	-0.14 	-0.21 	-0.27 	-0.33 	-0.39 	-0.45 	-0.50 	-0.54 	-0.58 	-0.61 	-0.64 	-0.65 	-0.67 	
+0.59 	+0.58 	+0.57 	+0.56 	+0.54 	+0.51 	+0.48 	+0.44 	+0.39 	+0.35 	+0.29 	+0.24 	+0.18 	+0.12 	+0.06 	+0.00 	-0.06 	-0.12 	-0.18 	-0.24 	-0.29 	-0.35 	-0.39 	-0.44 	-0.48 	-0.51 	-0.54 	-0.56 	-0.57 	-0.58 	
+0.50 	+0.50 	+0.49 	+0.48 	+0.46 	+0.43 	+0.40 	+0.37 	+0.33 	+0.29 	+0.25 	+0.20 	+0.15 	+0.10 	+0.05 	+0.00 	-0.05 	-0.10 	-0.15 	-0.20 	-0.25 	-0.29 	-0.33 	-0.37 	-0.40 	-0.43 	-0.46 	-0.48 	-0.49 	-0.50 	
+0.41 	+0.40 	+0.40 	+0.39 	+0.37 	+0.35 	+0.33 	+0.30 	+0.27 	+0.24 	+0.20 	+0.17 	+0.13 	+0.08 	+0.04 	+0.00 	-0.04 	-0.08 	-0.13 	-0.17 	-0.20 	-0.24 	-0.27 	-0.30 	-0.33 	-0.35 	-0.37 	-0.39 	-0.40 	-0.40 	
+0.31 	+0.31 	+0.30 	+0.29 	+0.28 	+0.27 	+0.25 	+0.23 	+0.21 	+0.18 	+0.15 	+0.13 	+0.10 	+0.06 	+0.03 	+0.00 	-0.03 	-0.06 	-0.10 	-0.13 	-0.15 	-0.18 	-0.21 	-0.23 	-0.25 	-0.27 	-0.28 	-0.29 	-0.30 	-0.31 	
+0.21 	+0.21 	+0.20 	+0.20 	+0.19 	+0.18 	+0.17 	+0.15 	+0.14 	+0.12 	+0.10 	+0.08 	+0.06 	+0.04 	+0.02 	+0.00 	-0.02 	-0.04 	-0.06 	-0.08 	-0.10 	-0.12 	-0.14 	-0.15 	-0.17 	-0.18 	-0.19 	-0.20 	-0.20 	-0.21 	
+0.10 	+0.10 	+0.10 	+0.10 	+0.10 	+0.09 	+0.08 	+0.08 	+0.07 	+0.06 	+0.05 	+0.04 	+0.03 	+0.02 	+0.01 	+0.00 	-0.01 	-0.02 	-0.03 	-0.04 	-0.05 	-0.06 	-0.07 	-0.08 	-0.08 	-0.09 	-0.10 	-0.10 	-0.10 	-0.10 	
+0.00 	+0.00 	+0.00 	+0.00 	+0.00 	+0.00 	+0.00 	+0.00 	+0.00 	+0.00 	+0.00 	+0.00 	+0.00 	+0.00 	+0.00 	+0.00 	-0.00 	-0.00 	-0.00 	-0.00 	-0.00 	-0.00 	-0.00 	-0.00 	-0.00 	-0.00 	-0.00 	-0.00 	-0.00 	-0.00 	

 
 
+1.00 	+0.99 	+0.98 	+0.95 	+0.91 	+0.87 	+0.81 	+0.74 	+0.67 	+0.59 	+0.50 	+0.41 	+0.31 	+0.21 	+0.10 	+0.00 	-0.10 	-0.21 	-0.31 	-0.41 	-0.50 	-0.59 	-0.67 	-0.74 	-0.81 	-0.87 	-0.91 	-0.95 	-0.98 	-0.99 	
+0.99 	+0.99 	+0.97 	+0.95 	+0.91 	+0.86 	+0.80 	+0.74 	+0.67 	+0.58 	+0.50 	+0.40 	+0.31 	+0.21 	+0.10 	+0.00 	-0.10 	-0.21 	-0.31 	-0.40 	-0.50 	-0.58 	-0.67 	-0.74 	-0.80 	-0.86 	-0.91 	-0.95 	-0.97 	-0.99 	
+0.98 	+0.97 	+0.96 	+0.93 	+0.89 	+0.85 	+0.79 	+0.73 	+0.65 	+0.57 	+0.49 	+0.40 	+0.30 	+0.20 	+0.10 	+0.00 	-0.10 	-0.20 	-0.30 	-0.40 	-0.49 	-0.57 	-0.65 	-0.73 	-0.79 	-0.85 	-0.89 	-0.93 	-0.96 	-0.97 	
+0.95 	+0.95 	+0.93 	+0.90 	+0.87 	+0.82 	+0.77 	+0.71 	+0.64 	+0.56 	+0.48 	+0.39 	+0.29 	+0.20 	+0.10 	+0.00 	-0.10 	-0.20 	-0.29 	-0.39 	-0.48 	-0.56 	-0.64 	-0.71 	-0.77 	-0.82 	-0.87 	-0.90 	-0.93 	-0.95 	
+0.91 	+0.91 	+0.89 	+0.87 	+0.83 	+0.79 	+0.74 	+0.68 	+0.61 	+0.54 	+0.46 	+0.37 	+0.28 	+0.19 	+0.10 	+0.00 	-0.10 	-0.19 	-0.28 	-0.37 	-0.46 	-0.54 	-0.61 	-0.68 	-0.74 	-0.79 	-0.83 	-0.87 	-0.89 	-0.91 	
+0.87 	+0.86 	+0.85 	+0.82 	+0.79 	+0.75 	+0.70 	+0.64 	+0.58 	+0.51 	+0.43 	+0.35 	+0.27 	+0.18 	+0.09 	+0.00 	-0.09 	-0.18 	-0.27 	-0.35 	-0.43 	-0.51 	-0.58 	-0.64 	-0.70 	-0.75 	-0.79 	-0.82 	-0.85 	-0.86 	
+0.81 	+0.80 	+0.79 	+0.77 	+0.74 	+0.70 	+0.65 	+0.60 	+0.54 	+0.48 	+0.40 	+0.33 	+0.25 	+0.17 	+0.08 	+0.00 	-0.08 	-0.17 	-0.25 	-0.33 	-0.40 	-0.48 	-0.54 	-0.60 	-0.65 	-0.70 	-0.74 	-0.77 	-0.79 	-0.80 	
+0.74 	+0.74 	+0.73 	+0.71 	+0.68 	+0.64 	+0.60 	+0.55 	+0.50 	+0.44 	+0.37 	+0.30 	+0.23 	+0.15 	+0.08 	+0.00 	-0.08 	-0.15 	-0.23 	-0.30 	-0.37 	-0.44 	-0.50 	-0.55 	-0.60 	-0.64 	-0.68 	-0.71 	-0.73 	-0.74 	
+0.67 	+0.67 	+0.65 	+0.64 	+0.61 	+0.58 	+0.54 	+0.50 	+0.45 	+0.39 	+0.33 	+0.27 	+0.21 	+0.14 	+0.07 	+0.00 	-0.07 	-0.14 	-0.21 	-0.27 	-0.33 	-0.39 	-0.45 	-0.50 	-0.54 	-0.58 	-0.61 	-0.64 	-0.65 	-0.67 	
+0.59 	+0.58 	+0.57 	+0.56 	+0.54 	+0.51 	+0.48 	+0.44 	+0.39 	+0.35 	+0.29 	+0.24 	+0.18 	+0.12 	+0.06 	+0.00 	-0.06 	-0.12 	-0.18 	-0.24 	-0.29 	-0.35 	-0.39 	-0.44 	-0.48 	-0.51 	-0.54 	-0.56 	-0.57 	-0.58 	
+0.50 	+0.50 	+0.49 	+0.48 	+0.46 	+0.43 	+0.40 	+0.37 	+0.33 	+0.29 	+0.25 	+0.20 	+0.15 	+0.10 	+0.05 	+0.00 	-0.05 	-0.10 	-0.15 	-0.20 	-0.25 	-0.29 	-0.33 	-0.37 	-0.40 	-0.43 	-0.46 	-0.48 	-0.49 	-0.50 	
+0.41 	+0.40 	+0.40 	+0.39 	+0.37 	+0.35 	+0.33 	+0.30 	+0.27 	+0.24 	+0.20 	+0.17 	+0.13 	+0.08 	+0.04 	+0.00 	-0.04 	-0.08 	-0.13 	-0.17 	-0.20 	-0.24 	-0.27 	-0.30 	-0.33 	-0.35 	-0.37 	-0.39 	-0.40 	-0.40 	
+0.31 	+0.31 	+0.30 	+0.29 	+0.28 	+0.27 	+0.25 	+0.23 	+0.21 	+0.18 	+0.15 	+0.13 	+0.10 	+0.06 	+0.03 	+0.00 	-0.03 	-0.06 	-0.10 	-0.13 	-0.15 	-0.18 	-0.21 	-0.23 	-0.25 	-0.27 	-0.28 	-0.29 	-0.30 	-0.31 	
+0.21 	+0.21 	+0.20 	+0.20 	+0.19 	+0.18 	+0.17 	+0.15 	+0.14 	+0.12 	+0.10 	+0.08 	+0.06 	+0.04 	+0.02 	+0.00 	-0.02 	-0.04 	-0.06 	-0.08 	-0.10 	-0.12 	-0.14 	-0.15 	-0.17 	-0.18 	-0.19 	-0.20 	-0.20 	-0.21 	
+0.10 	+0.10 	+0.10 	+0.10 	+0.10 	+0.09 	+0.08 	+0.08 	+0.07 	+0.06 	+0.05 	+0.04 	+0.03 	+0.02 	+0.01 	+0.00 	-0.01 	-0.02 	-0.03 	-0.04 	-0.05 	-0.06 	-0.07 	-0.08 	-0.08 	-0.09 	-0.10 	-0.10 	-0.10 	-0.10 	
+0.00 	+0.00 	+0.00 	+0.00 	+0.00 	+0.00 	+0.00 	+0.00 	+0.00 	+0.00 	+0.00 	+0.00 	+0.00 	+0.00 	+0.00 	+0.00 	-0.00 	-0.00 	-0.00 	-0.00 	-0.00 	-0.00 	-0.00 	-0.00 	-0.00 	-0.00 	-0.00 	-0.00 	-0.00 	-0.00 	
-0.10 	-0.10 	-0.10 	-0.10 	-0.10 	-0.09 	-0.08 	-0.08 	-0.07 	-0.06 	-0.05 	-0.04 	-0.03 	-0.02 	-0.01 	-0.00 	+0.01 	+0.02 	+0.03 	+0.04 	+0.05 	+0.06 	+0.07 	+0.08 	+0.08 	+0.09 	+0.10 	+0.10 	+0.10 	+0.10 	
-0.21 	-0.21 	-0.20 	-0.20 	-0.19 	-0.18 	-0.17 	-0.15 	-0.14 	-0.12 	-0.10 	-0.08 	-0.06 	-0.04 	-0.02 	-0.00 	+0.02 	+0.04 	+0.06 	+0.08 	+0.10 	+0.12 	+0.14 	+0.15 	+0.17 	+0.18 	+0.19 	+0.20 	+0.20 	+0.21 	
-0.31 	-0.31 	-0.30 	-0.29 	-0.28 	-0.27 	-0.25 	-0.23 	-0.21 	-0.18 	-0.15 	-0.13 	-0.10 	-0.06 	-0.03 	-0.00 	+0.03 	+0.06 	+0.10 	+0.13 	+0.15 	+0.18 	+0.21 	+0.23 	+0.25 	+0.27 	+0.28 	+0.29 	+0.30 	+0.31 	
-0.41 	-0.40 	-0.40 	-0.39 	-0.37 	-0.35 	-0.33 	-0.30 	-0.27 	-0.24 	-0.20 	-0.17 	-0.13 	-0.08 	-0.04 	-0.00 	+0.04 	+0.08 	+0.13 	+0.17 	+0.20 	+0.24 	+0.27 	+0.30 	+0.33 	+0.35 	+0.37 	+0.39 	+0.40 	+0.40 	
-0.50 	-0.50 	-0.49 	-0.48 	-0.46 	-0.43 	-0.40 	-0.37 	-0.33 	-0.29 	-0.25 	-0.20 	-0.15 	-0.10 	-0.05 	-0.00 	+0.05 	+0.10 	+0.15 	+0.20 	+0.25 	+0.29 	+0.33 	+0.37 	+0.40 	+0.43 	+0.46 	+0.48 	+0.49 	+0.50 	
-0.59 	-0.58 	-0.57 	-0.56 	-0.54 	-0.51 	-0.48 	-0.44 	-0.39 	-0.35 	-0.29 	-0.24 	-0.18 	-0.12 	-0.06 	-0.00 	+0.06 	+0.12 	+0.18 	+0.24 	+0.29 	+0.35 	+0.39 	+0.44 	+0.48 	+0.51 	+0.54 	+0.56 	+0.57 	+0.58 	
-0.67 	-0.67 	-0.65 	-0.64 	-0.61 	-0.58 	-0.54 	-0.50 	-0.45 	-0.39 	-0.33 	-0.27 	-0.21 	-0.14 	-0.07 	-0.00 	+0.07 	+0.14 	+0.21 	+0.27 	+0.33 	+0.39 	+0.45 	+0.50 	+0.54 	+0.58 	+0.61 	+0.64 	+0.65 	+0.67 	
-0.74 	-0.74 	-0.73 	-0.71 	-0.68 	-0.64 	-0.60 	-0.55 	-0.50 	-0.44 	-0.37 	-0.30 	-0.23 	-0.15 	-0.08 	-0.00 	+0.08 	+0.15 	+0.23 	+0.30 	+0.37 	+0.44 	+0.50 	+0.55 	+0.60 	+0.64 	+0.68 	+0.71 	+0.73 	+0.74 	
-0.81 	-0.80 	-0.79 	-0.77 	-0.74 	-0.70 	-0.65 	-0.60 	-0.54 	-0.48 	-0.40 	-0.33 	-0.25 	-0.17 	-0.08 	-0.00 	+0.08 	+0.17 	+0.25 	+0.33 	+0.40 	+0.48 	+0.54 	+0.60 	+0.65 	+0.70 	+0.74 	+0.77 	+0.79 	+0.80 	
-0.87 	-0.86 	-0.85 	-0.82 	-0.79 	-0.75 	-0.70 	-0.64 	-0.58 	-0.51 	-0.43 	-0.35 	-0.27 	-0.18 	-0.09 	-0.00 	+0.09 	+0.18 	+0.27 	+0.35 	+0.43 	+0.51 	+0.58 	+0.64 	+0.70 	+0.75 	+0.79 	+0.82 	+0.85 	+0.86 	
-0.91 	-0.91 	-0.89 	-0.87 	-0.83 	-0.79 	-0.74 	-0.68 	-0.61 	-0.54 	-0.46 	-0.37 	-0.28 	-0.19 	-0.10 	-0.00 	+0.10 	+0.19 	+0.28 	+0.37 	+0.46 	+0.54 	+0.61 	+0.68 	+0.74 	+0.79 	+0.83 	+0.87 	+0.89 	+0.91 	
-0.95 	-0.95 	-0.93 	-0.90 	-0.87 	-0.82 	-0.77 	-0.71 	-0.64 	-0.56 	-0.48 	-0.39 	-0.29 	-0.20 	-0.10 	-0.00 	+0.10 	+0.20 	+0.29 	+0.39 	+0.48 	+0.56 	+0.64 	+0.71 	+0.77 	+0.82 	+0.87 	+0.90 	+0.93 	+0.95 	
-0.98 	-0.97 	-0.96 	-0.93 	-0.89 	-0.85 	-0.79 	-0.73 	-0.65 	-0.57 	-0.49 	-0.40 	-0.30 	-0.20 	-0.10 	-0.00 	+0.10 	+0.20 	+0.30 	+0.40 	+0.49 	+0.57 	+0.65 	+0.73 	+0.79 	+0.85 	+0.89 	+0.93 	+0.96 	+0.97 	
-0.99 	-0.99 	-0.97 	-0.95 	-0.91 	-0.86 	-0.80 	-0.74 	-0.67 	-0.58 	-0.50 	-0.40 	-0.31 	-0.21 	-0.10 	-0.00 	+0.10 	+0.21 	+0.31 	+0.40 	+0.50 	+0.58 	+0.67 	+0.74 	+0.80 	+0.86 	+0.91 	+0.95 	+0.97 	+0.99 	

 
 
+0.00 	-0.05 	-0.04 	-0.02 	-0.01 	+0.00 	+0.02 	+0.03 	+0.05 	+0.06 	+0.07 	+0.08 	+0.10 	+0.11 	+0.11 	+0.12 	+0.13 	+0.13 	+0.14 	+0.14 	+0.14 	+0.14 	+0.14 	+0.13 	+0.13 	+0.12 	+0.11 	+0.10 	+0.09 	+0.08 	+0.00 	
+0.00 	+0.01 	-0.04 	-0.03 	-0.01 	+0.00 	+0.01 	+0.03 	+0.04 	+0.05 	+0.07 	+0.08 	+0.09 	+0.10 	+0.11 	+0.11 	+0.12 	+0.12 	+0.13 	+0.13 	+0.13 	+0.13 	+0.13 	+0.12 	+0.12 	+0.11 	+0.11 	+0.10 	+0.09 	+0.08 	+0.00 	
+0.00 	+0.08 	+0.02 	-0.03 	-0.02 	-0.00 	+0.01 	+0.02 	+0.04 	+0.05 	+0.06 	+0.07 	+0.08 	+0.09 	+0.10 	+0.10 	+0.11 	+0.12 	+0.12 	+0.12 	+0.12 	+0.12 	+0.12 	+0.12 	+0.11 	+0.11 	+0.10 	+0.09 	+0.08 	+0.07 	+0.00 	
+0.00 	+0.07 	+0.09 	+0.04 	-0.02 	-0.00 	+0.01 	+0.02 	+0.03 	+0.04 	+0.05 	+0.06 	+0.07 	+0.08 	+0.09 	+0.10 	+0.10 	+0.11 	+0.11 	+0.11 	+0.11 	+0.11 	+0.11 	+0.11 	+0.10 	+0.10 	+0.09 	+0.09 	+0.08 	+0.07 	+0.00 	
+0.00 	+0.07 	+0.08 	+0.10 	+0.04 	-0.00 	+0.01 	+0.02 	+0.03 	+0.04 	+0.05 	+0.06 	+0.06 	+0.07 	+0.08 	+0.09 	+0.09 	+0.10 	+0.10 	+0.10 	+0.10 	+0.10 	+0.10 	+0.10 	+0.10 	+0.09 	+0.09 	+0.08 	+0.07 	+0.06 	+0.00 	
+0.00 	+0.07 	+0.08 	+0.09 	+0.10 	+0.05 	+0.00 	+0.01 	+0.02 	+0.03 	+0.04 	+0.05 	+0.06 	+0.06 	+0.07 	+0.08 	+0.08 	+0.09 	+0.09 	+0.09 	+0.09 	+0.09 	+0.09 	+0.09 	+0.09 	+0.08 	+0.08 	+0.07 	+0.06 	+0.06 	+0.00 	
+0.00 	+0.06 	+0.07 	+0.08 	+0.09 	+0.10 	+0.06 	+0.01 	+0.02 	+0.03 	+0.04 	+0.04 	+0.05 	+0.06 	+0.06 	+0.07 	+0.07 	+0.07 	+0.08 	+0.08 	+0.08 	+0.08 	+0.08 	+0.08 	+0.07 	+0.07 	+0.07 	+0.06 	+0.06 	+0.05 	+0.00 	
+0.00 	+0.05 	+0.06 	+0.08 	+0.09 	+0.10 	+0.11 	+0.06 	+0.02 	+0.02 	+0.03 	+0.04 	+0.04 	+0.05 	+0.05 	+0.06 	+0.06 	+0.06 	+0.07 	+0.07 	+0.07 	+0.07 	+0.07 	+0.07 	+0.06 	+0.06 	+0.06 	+0.05 	+0.05 	+0.04 	+0.00 	
+0.00 	+0.04 	+0.06 	+0.07 	+0.08 	+0.09 	+0.09 	+0.10 	+0.06 	+0.02 	+0.03 	+0.03 	+0.04 	+0.04 	+0.05 	+0.05 	+0.05 	+0.05 	+0.06 	+0.06 	+0.06 	+0.06 	+0.06 	+0.06 	+0.05 	+0.05 	+0.05 	+0.04 	+0.04 	+0.04 	+0.00 	
+0.00 	+0.04 	+0.05 	+0.06 	+0.07 	+0.07 	+0.08 	+0.09 	+0.10 	+0.06 	+0.02 	+0.03 	+0.03 	+0.03 	+0.04 	+0.04 	+0.04 	+0.04 	+0.05 	+0.05 	+0.05 	+0.05 	+0.05 	+0.05 	+0.04 	+0.04 	+0.04 	+0.04 	+0.03 	+0.03 	+0.00 	
+0.00 	+0.03 	+0.04 	+0.05 	+0.05 	+0.06 	+0.07 	+0.08 	+0.08 	+0.09 	+0.05 	+0.02 	+0.03 	+0.03 	+0.03 	+0.03 	+0.03 	+0.04 	+0.04 	+0.04 	+0.04 	+0.04 	+0.04 	+0.04 	+0.03 	+0.03 	+0.03 	+0.03 	+0.03 	+0.02 	+0.00 	
+0.00 	+0.02 	+0.03 	+0.04 	+0.04 	+0.05 	+0.06 	+0.06 	+0.07 	+0.07 	+0.07 	+0.04 	+0.02 	+0.02 	+0.02 	+0.03 	+0.03 	+0.03 	+0.03 	+0.03 	+0.03 	+0.03 	+0.03 	+0.03 	+0.03 	+0.02 	+0.02 	+0.02 	+0.02 	+0.02 	+0.00 	
+0.00 	+0.01 	+0.02 	+0.02 	+0.03 	+0.04 	+0.04 	+0.05 	+0.05 	+0.05 	+0.06 	+0.06 	+0.04 	+0.02 	+0.02 	+0.02 	+0.02 	+0.02 	+0.02 	+0.02 	+0.02 	+0.02 	+0.02 	+0.02 	+0.02 	+0.02 	+0.02 	+0.01 	+0.01 	+0.01 	+0.00 	
+0.00 	+0.01 	+0.01 	+0.01 	+0.02 	+0.02 	+0.03 	+0.03 	+0.03 	+0.04 	+0.04 	+0.04 	+0.04 	+0.02 	+0.01 	+0.01 	+0.01 	+0.01 	+0.01 	+0.01 	+0.01 	+0.01 	+0.01 	+0.01 	+0.01 	+0.01 	+0.01 	+0.01 	+0.01 	+0.01 	+0.00 	
+0.00 	+0.00 	+0.00 	+0.01 	+0.01 	+0.01 	+0.01 	+0.02 	+0.02 	+0.02 	+0.02 	+0.02 	+0.02 	+0.03 	+0.01 	+0.01 	+0.01 	+0.01 	+0.01 	+0.01 	+0.01 	+0.01 	+0.01 	+0.01 	+0.01 	+0.01 	+0.01 	+0.01 	+0.01 	+0.01 	+0.00 	
+0.00 	-0.00 	-0.00 	-0.00 	-0.00 	-0.00 	+0.00 	+0.00 	+0.00 	+0.00 	+0.00 	+0.00 	+0.01 	+0.01 	+0.01 	+0.00 	+0.00 	+0.00 	+0.00 	+0.00 	+0.00 	+0.00 	+0.00 	+0.00 	+0.00 	+0.00 	+0.00 	+0.00 	+0.00 	+0.00 	+0.00 	
+0.00 	-0.01 	-0.01 	-0.01 	-0.01 	-0.01 	-0.01 	-0.01 	-0.01 	-0.01 	-0.01 	-0.01 	-0.01 	-0.01 	-0.01 	-0.01 	-0.01 	-0.00 	-0.00 	-0.00 	-0.00 	-0.00 	-0.00 	-0.00 	+0.00 	+0.00 	+0.00 	+0.00 	+0.00 	+0.00 	-0.00 	
+0.00 	-0.01 	-0.01 	-0.01 	-0.02 	-0.02 	-0.02 	-0.02 	-0.03 	-0.03 	-0.03 	-0.03 	-0.03 	-0.03 	-0.03 	-0.03 	-0.03 	-0.02 	-0.01 	-0.01 	-0.01 	-0.01 	-0.00 	-0.00 	-0.00 	+0.00 	+0.00 	+0.00 	+0.01 	+0.01 	-0.00 	
+0.00 	-0.01 	-0.01 	-0.02 	-0.02 	-0.03 	-0.03 	-0.03 	-0.04 	-0.04 	-0.04 	-0.05 	-0.05 	-0.05 	-0.05 	-0.05 	-0.05 	-0.05 	-0.04 	-0.01 	-0.01 	-0.01 	-0.01 	-0.00 	-0.00 	+0.00 	+0.00 	+0.00 	+0.01 	+0.01 	-0.00 	
+0.00 	-0.00 	-0.01 	-0.02 	-0.03 	-0.03 	-0.04 	-0.04 	-0.05 	-0.05 	-0.06 	-0.06 	-0.07 	-0.07 	-0.07 	-0.07 	-0.07 	-0.07 	-0.07 	-0.04 	-0.01 	-0.01 	-0.01 	-0.01 	-0.00 	+0.00 	+0.00 	+0.01 	+0.01 	+0.01 	-0.00 	
+0.00 	-0.00 	-0.01 	-0.02 	-0.03 	-0.04 	-0.04 	-0.05 	-0.06 	-0.06 	-0.07 	-0.08 	-0.08 	-0.08 	-0.08 	-0.09 	-0.09 	-0.09 	-0.08 	-0.08 	-0.05 	-0.02 	-0.01 	-0.01 	-0.00 	+0.00 	+0.01 	+0.01 	+0.01 	+0.02 	-0.00 	
+0.00 	+0.00 	-0.01 	-0.02 	-0.03 	-0.04 	-0.05 	-0.06 	-0.07 	-0.07 	-0.08 	-0.09 	-0.09 	-0.10 	-0.10 	-0.10 	-0.10 	-0.10 	-0.10 	-0.10 	-0.09 	-0.06 	-0.01 	-0.01 	-0.00 	+0.00 	+0.01 	+0.01 	+0.02 	+0.02 	-0.00 	
+0.00 	+0.01 	-0.00 	-0.01 	-0.03 	-0.04 	-0.05 	-0.06 	-0.07 	-0.08 	-0.09 	-0.09 	-0.10 	-0.11 	-0.11 	-0.11 	-0.11 	-0.12 	-0.11 	-0.11 	-0.11 	-0.10 	-0.06 	-0.01 	-0.00 	+0.00 	+0.01 	+0.02 	+0.02 	+0.03 	-0.00 	
+0.00 	+0.02 	+0.00 	-0.01 	-0.02 	-0.04 	-0.05 	-0.06 	-0.07 	-0.08 	-0.09 	-0.10 	-0.11 	-0.11 	-0.12 	-0.12 	-0.13 	-0.13 	-0.13 	-0.12 	-0.12 	-0.12 	-0.11 	-0.06 	-0.00 	+0.00 	+0.01 	+0.02 	+0.03 	+0.03 	-0.00 	
+0.00 	+0.02 	+0.01 	-0.01 	-0.02 	-0.03 	-0.05 	-0.06 	-0.07 	-0.09 	-0.10 	-0.11 	-0.11 	-0.12 	-0.13 	-0.13 	-0.13 	-0.14 	-0.14 	-0.13 	-0.13 	-0.13 	-0.12 	-0.11 	-0.06 	+0.01 	+0.01 	+0.02 	+0.03 	+0.04 	-0.00 	
+0.00 	+0.03 	+0.01 	-0.00 	-0.02 	-0.03 	-0.05 	-0.06 	-0.07 	-0.09 	-0.10 	-0.11 	-0.12 	-0.12 	-0.13 	-0.14 	-0.14 	-0.14 	-0.14 	-0.14 	-0.14 	-0.14 	-0.13 	-0.12 	-0.11 	-0.05 	+0.02 	+0.03 	+0.03 	+0.04 	-0.00 	
+0.00 	+0.03 	+0.02 	+0.00 	-0.01 	-0.03 	-0.04 	-0.06 	-0.07 	-0.08 	-0.10 	-0.11 	-0.12 	-0.13 	-0.13 	-0.14 	-0.14 	-0.15 	-0.15 	-0.15 	-0.15 	-0.14 	-0.14 	-0.13 	-0.12 	-0.11 	-0.04 	+0.03 	+0.04 	+0.05 	-0.00 	
+0.00 	+0.04 	+0.02 	+0.01 	-0.01 	-0.02 	-0.04 	-0.05 	-0.07 	-0.08 	-0.09 	-0.11 	-0.12 	-0.13 	-0.13 	-0.14 	-0.14 	-0.15 	-0.15 	-0.15 	-0.15 	-0.15 	-0.14 	-0.13 	-0.13 	-0.12 	-0.11 	-0.04 	+0.04 	+0.05 	-0.00 	
+0.00 	+0.04 	+0.03 	+0.01 	-0.00 	-0.02 	-0.03 	-0.05 	-0.06 	-0.08 	-0.09 	-0.10 	-0.11 	-0.12 	-0.13 	-0.14 	-0.14 	-0.15 	-0.15 	-0.15 	-0.15 	-0.15 	-0.14 	-0.14 	-0.13 	-0.12 	-0.11 	-0.10 	-0.02 	+0.05 	-0.00 	
+0.00 	+0.05 	+0.03 	+0.02 	+0.00 	-0.01 	-0.03 	-0.04 	-0.06 	-0.07 	-0.08 	-0.09 	-0.11 	-0.12 	-0.12 	-0.13 	-0.14 	-0.14 	-0.14 	-0.15 	-0.15 	-0.14 	-0.14 	-0.14 	-0.13 	-0.12 	-0.11 	-0.10 	-0.09 	-0.01 	-0.00 	

 
 
+0.00 	+0.00 	+0.00 	+0.00 	+0.00 	+0.00 	+0.00 	+0.00 	+0.00 	+0.00 	+0.00 	+0.00 	+0.00 	+0.00 	+0.00 	+0.00 	+0.00 	+0.00 	+0.00 	+0.00 	+0.00 	+0.00 	+0.00 	+0.00 	+0.00 	+0.00 	+0.00 	+0.00 	+0.00 	+0.00 	
-0.40 	-0.40 	-0.40 	-0.39 	-0.38 	-0.36 	-0.34 	-0.32 	-0.29 	-0.26 	-0.23 	-0.19 	-0.16 	-0.12 	-0.07 	-0.03 	+0.01 	+0.05 	+0.09 	+0.13 	+0.17 	+0.21 	+0.24 	+0.28 	+0.30 	+0.33 	+0.35 	+0.37 	+0.39 	+0.40 	
-0.30 	-0.30 	-0.30 	-0.29 	-0.29 	-0.27 	-0.26 	-0.24 	-0.22 	-0.20 	-0.18 	-0.15 	-0.12 	-0.09 	-0.06 	-0.03 	-0.00 	+0.03 	+0.06 	+0.09 	+0.12 	+0.15 	+0.18 	+0.20 	+0.22 	+0.24 	+0.26 	+0.27 	+0.28 	+0.30 	
-0.19 	-0.19 	-0.19 	-0.19 	-0.19 	-0.18 	-0.17 	-0.16 	-0.15 	-0.14 	-0.12 	-0.11 	-0.09 	-0.07 	-0.05 	-0.03 	-0.01 	+0.01 	+0.03 	+0.05 	+0.07 	+0.09 	+0.10 	+0.12 	+0.14 	+0.15 	+0.16 	+0.17 	+0.18 	+0.19 	
-0.08 	-0.09 	-0.09 	-0.09 	-0.09 	-0.09 	-0.09 	-0.08 	-0.08 	-0.07 	-0.07 	-0.06 	-0.05 	-0.05 	-0.04 	-0.03 	-0.02 	-0.01 	-0.00 	+0.01 	+0.02 	+0.02 	+0.03 	+0.04 	+0.05 	+0.06 	+0.06 	+0.07 	+0.08 	+0.09 	
+0.03 	+0.02 	+0.02 	+0.02 	+0.01 	+0.01 	+0.00 	-0.00 	-0.00 	-0.01 	-0.01 	-0.02 	-0.02 	-0.02 	-0.03 	-0.03 	-0.03 	-0.03 	-0.04 	-0.04 	-0.04 	-0.04 	-0.04 	-0.04 	-0.04 	-0.04 	-0.04 	-0.03 	-0.03 	-0.02 	
+0.14 	+0.13 	+0.13 	+0.12 	+0.11 	+0.10 	+0.09 	+0.08 	+0.07 	+0.06 	+0.04 	+0.03 	+0.02 	+0.00 	-0.01 	-0.03 	-0.04 	-0.05 	-0.07 	-0.08 	-0.09 	-0.10 	-0.11 	-0.12 	-0.12 	-0.13 	-0.13 	-0.14 	-0.14 	-0.13 	
+0.25 	+0.24 	+0.23 	+0.22 	+0.21 	+0.20 	+0.18 	+0.16 	+0.14 	+0.12 	+0.10 	+0.08 	+0.05 	+0.03 	+0.00 	-0.02 	-0.05 	-0.07 	-0.10 	-0.12 	-0.14 	-0.16 	-0.18 	-0.20 	-0.21 	-0.22 	-0.23 	-0.24 	-0.24 	-0.23 	
+0.36 	+0.34 	+0.33 	+0.32 	+0.31 	+0.29 	+0.27 	+0.24 	+0.22 	+0.19 	+0.15 	+0.12 	+0.09 	+0.05 	+0.01 	-0.02 	-0.06 	-0.09 	-0.13 	-0.16 	-0.19 	-0.22 	-0.25 	-0.27 	-0.29 	-0.31 	-0.33 	-0.34 	-0.34 	-0.34 	
+0.46 	+0.44 	+0.43 	+0.42 	+0.40 	+0.38 	+0.35 	+0.32 	+0.28 	+0.25 	+0.21 	+0.16 	+0.12 	+0.07 	+0.03 	-0.02 	-0.07 	-0.11 	-0.16 	-0.20 	-0.24 	-0.28 	-0.31 	-0.35 	-0.37 	-0.40 	-0.42 	-0.43 	-0.44 	-0.44 	
+0.55 	+0.54 	+0.53 	+0.51 	+0.49 	+0.46 	+0.43 	+0.39 	+0.35 	+0.31 	+0.26 	+0.21 	+0.15 	+0.10 	+0.04 	-0.02 	-0.07 	-0.13 	-0.18 	-0.24 	-0.29 	-0.33 	-0.38 	-0.41 	-0.45 	-0.48 	-0.50 	-0.52 	-0.53 	-0.53 	
+0.64 	+0.63 	+0.62 	+0.60 	+0.57 	+0.54 	+0.50 	+0.46 	+0.41 	+0.36 	+0.31 	+0.25 	+0.18 	+0.12 	+0.05 	-0.01 	-0.08 	-0.14 	-0.21 	-0.27 	-0.33 	-0.38 	-0.43 	-0.48 	-0.52 	-0.56 	-0.58 	-0.61 	-0.62 	-0.62 	
+0.73 	+0.71 	+0.70 	+0.68 	+0.65 	+0.62 	+0.57 	+0.53 	+0.47 	+0.41 	+0.35 	+0.28 	+0.21 	+0.14 	+0.06 	-0.01 	-0.09 	-0.16 	-0.23 	-0.30 	-0.37 	-0.43 	-0.49 	-0.54 	-0.59 	-0.63 	-0.66 	-0.68 	-0.70 	-0.70 	
+0.80 	+0.79 	+0.77 	+0.75 	+0.72 	+0.68 	+0.64 	+0.58 	+0.52 	+0.46 	+0.39 	+0.32 	+0.24 	+0.16 	+0.08 	-0.01 	-0.09 	-0.17 	-0.25 	-0.33 	-0.40 	-0.47 	-0.53 	-0.59 	-0.64 	-0.69 	-0.73 	-0.76 	-0.78 	-0.78 	
+0.87 	+0.85 	+0.84 	+0.82 	+0.78 	+0.74 	+0.69 	+0.64 	+0.57 	+0.50 	+0.43 	+0.35 	+0.26 	+0.18 	+0.09 	-0.00 	-0.09 	-0.18 	-0.27 	-0.35 	-0.43 	-0.51 	-0.58 	-0.64 	-0.70 	-0.75 	-0.79 	-0.82 	-0.84 	-0.84 	
+0.93 	+0.91 	+0.90 	+0.87 	+0.84 	+0.79 	+0.74 	+0.68 	+0.61 	+0.54 	+0.46 	+0.37 	+0.28 	+0.19 	+0.10 	+0.00 	-0.10 	-0.19 	-0.28 	-0.37 	-0.46 	-0.54 	-0.61 	-0.68 	-0.74 	-0.79 	-0.84 	-0.87 	-0.90 	-0.90 	
+0.98 	+0.96 	+0.94 	+0.92 	+0.88 	+0.84 	+0.78 	+0.72 	+0.65 	+0.57 	+0.48 	+0.39 	+0.30 	+0.20 	+0.10 	+0.00 	-0.10 	-0.20 	-0.29 	-0.39 	-0.48 	-0.56 	-0.64 	-0.71 	-0.78 	-0.83 	-0.88 	-0.91 	-0.94 	-0.94 	
+1.01 	+0.99 	+0.98 	+0.95 	+0.92 	+0.87 	+0.81 	+0.75 	+0.67 	+0.59 	+0.51 	+0.41 	+0.32 	+0.21 	+0.11 	+0.01 	-0.10 	-0.20 	-0.30 	-0.40 	-0.49 	-0.58 	-0.66 	-0.74 	-0.80 	-0.86 	-0.91 	-0.95 	-0.98 	-0.98 	
+1.04 	+1.02 	+1.00 	+0.98 	+0.94 	+0.89 	+0.84 	+0.77 	+0.69 	+0.61 	+0.52 	+0.43 	+0.33 	+0.22 	+0.12 	+0.01 	-0.10 	-0.20 	-0.31 	-0.41 	-0.50 	-0.59 	-0.68 	-0.75 	-0.82 	-0.88 	-0.93 	-0.97 	-1.00 	-1.01 	
+1.05 	+1.04 	+1.02 	+0.99 	+0.96 	+0.91 	+0.85 	+0.78 	+0.71 	+0.62 	+0.53 	+0.44 	+0.33 	+0.23 	+0.12 	+0.01 	-0.10 	-0.20 	-0.31 	-0.41 	-0.51 	-0.60 	-0.69 	-0.76 	-0.83 	-0.89 	-0.94 	-0.98 	-1.01 	-1.02 	
+1.05 	+1.04 	+1.02 	+1.00 	+0.96 	+0.91 	+0.85 	+0.79 	+0.71 	+0.63 	+0.54 	+0.44 	+0.34 	+0.23 	+0.13 	+0.02 	-0.09 	-0.20 	-0.31 	-0.41 	-0.51 	-0.60 	-0.69 	-0.76 	-0.83 	-0.89 	-0.95 	-0.99 	-1.02 	-1.02 	
+1.04 	+1.03 	+1.02 	+0.99 	+0.95 	+0.91 	+0.85 	+0.78 	+0.71 	+0.62 	+0.53 	+0.44 	+0.34 	+0.23 	+0.13 	+0.02 	-0.09 	-0.20 	-0.30 	-0.40 	-0.50 	-0.59 	-0.68 	-0.76 	-0.83 	-0.89 	-0.94 	-0.98 	-1.01 	-1.02 	
+1.02 	+1.01 	+1.00 	+0.97 	+0.94 	+0.89 	+0.83 	+0.77 	+0.70 	+0.61 	+0.53 	+0.43 	+0.33 	+0.23 	+0.13 	+0.02 	-0.08 	-0.19 	-0.29 	-0.39 	-0.49 	-0.58 	-0.66 	-0.74 	-0.81 	-0.87 	-0.92 	-0.96 	-0.99 	-1.00 	
+0.99 	+0.98 	+0.97 	+0.94 	+0.91 	+0.86 	+0.81 	+0.75 	+0.68 	+0.60 	+0.51 	+0.42 	+0.33 	+0.23 	+0.13 	+0.02 	-0.08 	-0.18 	-0.28 	-0.38 	-0.47 	-0.56 	-0.64 	-0.71 	-0.78 	-0.84 	-0.89 	-0.93 	-0.96 	-0.97 	
+0.95 	+0.94 	+0.93 	+0.90 	+0.87 	+0.83 	+0.78 	+0.72 	+0.65 	+0.58 	+0.49 	+0.41 	+0.32 	+0.22 	+0.13 	+0.03 	-0.07 	-0.17 	-0.27 	-0.36 	-0.45 	-0.53 	-0.61 	-0.68 	-0.75 	-0.80 	-0.85 	-0.89 	-0.92 	-0.93 	
+0.90 	+0.89 	+0.88 	+0.86 	+0.82 	+0.79 	+0.74 	+0.68 	+0.62 	+0.55 	+0.47 	+0.39 	+0.30 	+0.21 	+0.12 	+0.03 	-0.06 	-0.16 	-0.25 	-0.34 	-0.42 	-0.50 	-0.57 	-0.64 	-0.70 	-0.76 	-0.80 	-0.84 	-0.86 	-0.88 	
+0.83 	+0.83 	+0.82 	+0.80 	+0.77 	+0.73 	+0.69 	+0.64 	+0.58 	+0.51 	+0.44 	+0.36 	+0.28 	+0.20 	+0.12 	+0.03 	-0.06 	-0.14 	-0.23 	-0.31 	-0.39 	-0.46 	-0.53 	-0.60 	-0.65 	-0.70 	-0.74 	-0.78 	-0.80 	-0.82 	
+0.76 	+0.76 	+0.75 	+0.73 	+0.70 	+0.67 	+0.63 	+0.58 	+0.53 	+0.47 	+0.41 	+0.34 	+0.26 	+0.19 	+0.11 	+0.03 	-0.05 	-0.13 	-0.20 	-0.28 	-0.35 	-0.42 	-0.48 	-0.54 	-0.59 	-0.64 	-0.68 	-0.71 	-0.73 	-0.75 	
+0.68 	+0.68 	+0.67 	+0.66 	+0.63 	+0.60 	+0.57 	+0.53 	+0.48 	+0.43 	+0.37 	+0.31 	+0.24 	+0.17 	+0.10 	+0.03 	-0.04 	-0.11 	-0.18 	-0.25 	-0.31 	-0.37 	-0.43 	-0.48 	-0.53 	-0.57 	-0.61 	-0.64 	-0.66 	-0.67 	
+0.59 	+0.59 	+0.59 	+0.57 	+0.55 	+0.53 	+0.50 	+0.46 	+0.42 	+0.37 	+0.32 	+0.27 	+0.21 	+0.16 	+0.09 	+0.03 	-0.03 	-0.09 	-0.15 	-0.21 	-0.27 	-0.32 	-0.37 	-0.42 	-0.46 	-0.50 	-0.53 	-0.55 	-0.57 	-0.58 	
+0.00 	+0.00 	+0.00 	+0.00 	+0.00 	+0.00 	+0.00 	+0.00 	+0.00 	+0.00 	+0.00 	+0.00 	+0.00 	+0.00 	+0.00 	+0.00 	-0.00 	-0.00 	-0.00 	-0.00 	-0.00 	-0.00 	-0.00 	-0.00 	-0.00 	-0.00 	-0.00 	-0.00 	-0.00 	-0.00 	

 
 
+1.00 	+0.99 	+0.98 	+0.95 	+0.91 	+0.87 	+0.81 	+0.74 	+0.67 	+0.59 	+0.50 	+0.41 	+0.31 	+0.21 	+0.10 	+0.00 	-0.10 	-0.21 	-0.31 	-0.41 	-0.50 	-0.59 	-0.67 	-0.74 	-0.81 	-0.87 	-0.91 	-0.95 	-0.98 	-0.99 	
+0.99 	+0.99 	+0.97 	+0.95 	+0.91 	+0.86 	+0.80 	+0.74 	+0.67 	+0.58 	+0.50 	+0.40 	+0.31 	+0.21 	+0.10 	+0.00 	-0.10 	-0.21 	-0.31 	-0.40 	-0.50 	-0.58 	-0.67 	-0.74 	-0.80 	-0.86 	-0.91 	-0.95 	-0.97 	-0.99 	
+0.98 	+0.97 	+0.96 	+0.93 	+0.89 	+0.85 	+0.79 	+0.73 	+0.65 	+0.57 	+0.49 	+0.40 	+0.30 	+0.20 	+0.10 	+0.00 	-0.10 	-0.20 	-0.30 	-0.40 	-0.49 	-0.57 	-0.65 	-0.73 	-0.79 	-0.85 	-0.89 	-0.93 	-0.96 	-0.97 	
+0.95 	+0.95 	+0.93 	+0.90 	+0.87 	+0.82 	+0.77 	+0.71 	+0.64 	+0.56 	+0.48 	+0.39 	+0.29 	+0.20 	+0.10 	+0.00 	-0.10 	-0.20 	-0.29 	-0.39 	-0.48 	-0.56 	-0.64 	-0.71 	-0.77 	-0.82 	-0.87 	-0.90 	-0.93 	-0.95 	
+0.91 	+0.91 	+0.89 	+0.87 	+0.83 	+0.79 	+0.74 	+0.68 	+0.61 	+0.54 	+0.46 	+0.37 	+0.28 	+0.19 	+0.10 	+0.00 	-0.10 	-0.19 	-0.28 	-0.37 	-0.46 	-0.54 	-0.61 	-0.68 	-0.74 	-0.79 	-0.83 	-0.87 	-0.89 	-0.91 	
+0.87 	+0.86 	+0.85 	+0.82 	+0.79 	+0.75 	+0.70 	+0.64 	+0.58 	+0.51 	+0.43 	+0.35 	+0.27 	+0.18 	+0.09 	+0.00 	-0.09 	-0.18 	-0.27 	-0.35 	-0.43 	-0.51 	-0.58 	-0.64 	-0.70 	-0.75 	-0.79 	-0.82 	-0.85 	-0.86 	
+0.81 	+0.80 	+0.79 	+0.77 	+0.74 	+0.70 	+0.65 	+0.60 	+0.54 	+0.48 	+0.40 	+0.33 	+0.25 	+0.17 	+0.08 	+0.00 	-0.08 	-0.17 	-0.25 	-0.33 	-0.40 	-0.48 	-0.54 	-0.60 	-0.65 	-0.70 	-0.74 	-0.77 	-0.79 	-0.80 	
+0.74 	+0.74 	+0.73 	+0.71 	+0.68 	+0.64 	+0.60 	+0.55 	+0.50 	+0.44 	+0.37 	+0.30 	+0.23 	+0.15 	+0.08 	+0.00 	-0.08 	-0.15 	-0.23 	-0.30 	-0.37 	-0.44 	-0.50 	-0.55 	-0.60 	-0.64 	-0.68 	-0.71 	-0.73 	-0.74 	
+0.67 	+0.67 	+0.65 	+0.64 	+0.61 	+0.58 	+0.54 	+0.50 	+0.45 	+0.39 	+0.33 	+0.27 	+0.21 	+0.14 	+0.07 	+0.00 	-0.07 	-0.14 	-0.21 	-0.27 	-0.33 	-0.39 	-0.45 	-0.50 	-0.54 	-0.58 	-0.61 	-0.64 	-0.65 	-0.67 	
+0.59 	+0.58 	+0.57 	+0.56 	+0.54 	+0.51 	+0.48 	+0.44 	+0.39 	+0.35 	+0.29 	+0.24 	+0.18 	+0.12 	+0.06 	+0.00 	-0.06 	-0.12 	-0.18 	-0.24 	-0.29 	-0.35 	-0.39 	-0.44 	-0.48 	-0.51 	-0.54 	-0.56 	-0.57 	-0.58 	
+0.50 	+0.50 	+0.49 	+0.48 	+0.46 	+0.43 	+0.40 	+0.37 	+0.33 	+0.29 	+0.25 	+0.20 	+0.15 	+0.10 	+0.05 	+0.00 	-0.05 	-0.10 	-0.15 	-0.20 	-0.25 	-0.29 	-0.33 	-0.37 	-0.40 	-0.43 	-0.46 	-0.48 	-0.49 	-0.50 	
+0.41 	+0.40 	+0.40 	+0.39 	+0.37 	+0.35 	+0.33 	+0.30 	+0.27 	+0.24 	+0.20 	+0.17 	+0.13 	+0.08 	+0.04 	+0.00 	-0.04 	-0.08 	-0.13 	-0.17 	-0.20 	-0.24 	-0.27 	-0.30 	-0.33 	-0.35 	-0.37 	-0.39 	-0.40 	-0.40 	
+0.31 	+0.31 	+0.30 	+0.29 	+0.28 	+0.27 	+0.25 	+0.23 	+0.21 	+0.18 	+0.15 	+0.13 	+0.10 	+0.06 	+0.03 	+0.00 	-0.03 	-0.06 	-0.10 	-0.13 	-0.15 	-0.18 	-0.21 	-0.23 	-0.25 	-0.27 	-0.28 	-0.29 	-0.30 	-0.31 	
+0.21 	+0.21 	+0.20 	+0.20 	+0.19 	+0.18 	+0.17 	+0.15 	+0.14 	+0.12 	+0.10 	+0.08 	+0.06 	+0.04 	+0.02 	+0.00 	-0.02 	-0.04 	-0.06 	-0.08 	-0.10 	-0.12 	-0.14 	-0.15 	-0.17 	-0.18 	-0.19 	-0.20 	-0.20 	-0.21 	
+0.10 	+0.10 	+0.10 	+0.10 	+0.10 	+0.09 	+0.08 	+0.08 	+0.07 	+0.06 	+0.05 	+0.04 	+0.03 	+0.02 	+0.01 	+0.00 	-0.01 	-0.02 	-0.03 	-0.04 	-0.05 	-0.06 	-0.07 	-0.08 	-0.08 	-0.09 	-0.10 	-0.10 	-0.10 	-0.10 	
+0.00 	+0.00 	+0.00 	+0.00 	+0.00 	+0.00 	+0.00 	+0.00 	+0.00 	+0.00 	+0.00 	+0.00 	+0.00 	+0.00 	+0.00 	+0.00 	-0.00 	-0.00 	-0.00 	-0.00 	-0.00 	-0.00 	-0.00 	-0.00 	-0.00 	-0.00 	-0.00 	-0.00 	-0.00 	-0.00 	
-0.10 	-0.10 	-0.10 	-0.10 	-0.10 	-0.09 	-0.08 	-0.08 	-0.07 	-0.06 	-0.05 	-0.04 	-0.03 	-0.02 	-0.01 	-0.00 	+0.01 	+0.02 	+0.03 	+0.04 	+0.05 	+0.06 	+0.07 	+0.08 	+0.08 	+0.09 	+0.10 	+0.10 	+0.10 	+0.10 	
-0.21 	-0.21 	-0.20 	-0.20 	-0.19 	-0.18 	-0.17 	-0.15 	-0.14 	-0.12 	-0.10 	-0.08 	-0.06 	-0.04 	-0.02 	-0.00 	+0.02 	+0.04 	+0.06 	+0.08 	+0.10 	+0.12 	+0.14 	+0.15 	+0.17 	+0.18 	+0.19 	+0.20 	+0.20 	+0.21 	
-0.31 	-0.31 	-0.30 	-0.29 	-0.28 	-0.27 	-0.25 	-0.23 	-0.21 	-0.18 	-0.15 	-0.13 	-0.10 	-0.06 	-0.03 	-0.00 	+0.03 	+0.06 	+0.10 	+0.13 	+0.15 	+0.18 	+0.21 	+0.23 	+0.25 	+0.27 	+0.28 	+0.29 	+0.30 	+0.31 	
-0.41 	-0.40 	-0.40 	-0.39 	-0.37 	-0.35 	-0.33 	-0.30 	-0.27 	-0.24 	-0.20 	-0.17 	-0.13 	-0.08 	-0.04 	-0.00 	+0.04 	+0.08 	+0.13 	+0.17 	+0.20 	+0.24 	+0.27 	+0.30 	+0.33 	+0.35 	+0.37 	+0.39 	+0.40 	+0.40 	
-0.50 	-0.50 	-0.49 	-0.48 	-0.46 	-0.43 	-0.40 	-0.37 	-0.33 	-0.29 	-0.25 	-0.20 	-0.15 	-0.10 	-0.05 	-0.00 	+0.05 	+0.10 	+0.15 	+0.20 	+0.25 	+0.29 	+0.33 	+0.37 	+0.40 	+0.43 	+0.46 	+0.48 	+0.49 	+0.50 	
-0.59 	-0.58 	-0.57 	-0.56 	-0.54 	-0.51 	-0.48 	-0.44 	-0.39 	-0.35 	-0.29 	-0.24 	-0.18 	-0.12 	-0.06 	-0.00 	+0.06 	+0.12 	+0.18 	+0.24 	+0.29 	+0.35 	+0.39 	+0.44 	+0.48 	+0.51 	+0.54 	+0.56 	+0.57 	+0.58 	
-0.67 	-0.67 	-0.65 	-0.64 	-0.61 	-0.58 	-0.54 	-0.50 	-0.45 	-0.39 	-0.33 	-0.27 	-0.21 	-0.14 	-0.07 	-0.00 	+0.07 	+0.14 	+0.21 	+0.27 	+0.33 	+0.39 	+0.45 	+0.50 	+0.54 	+0.58 	+0.61 	+0.64 	+0.65 	+0.67 	
-0.74 	-0.74 	-0.73 	-0.71 	-0.68 	-0.64 	-0.60 	-0.55 	-0.50 	-0.44 	-0.37 	-0.30 	-0.23 	-0.15 	-0.08 	-0.00 	+0.08 	+0.15 	+0.23 	+0.30 	+0.37 	+0.44 	+0.50 	+0.55 	+0.60 	+0.64 	+0.68 	+0.71 	+0.73 	+0.74 	
-0.81 	-0.80 	-0.79 	-0.77 	-0.74 	-0.70 	-0.65 	-0.60 	-0.54 	-0.48 	-0.40 	-0.33 	-0.25 	-0.17 	-0.08 	-0.00 	+0.08 	+0.17 	+0.25 	+0.33 	+0.40 	+0.48 	+0.54 	+0.60 	+0.65 	+0.70 	+0.74 	+0.77 	+0.79 	+0.80 	
-0.87 	-0.86 	-0.85 	-0.82 	-0.79 	-0.75 	-0.70 	-0.64 	-0.58 	-0.51 	-0.43 	-0.35 	-0.27 	-0.18 	-0.09 	-0.00 	+0.09 	+0.18 	+0.27 	+0.35 	+0.43 	+0.51 	+0.58 	+0.64 	+0.70 	+0.75 	+0.79 	+0.82 	+0.85 	+0.86 	
-0.91 	-0.91 	-0.89 	-0.87 	-0.83 	-0.79 	-0.74 	-0.68 	-0.61 	-0.54 	-0.46 	-0.37 	-0.28 	-0.19 	-0.10 	-0.00 	+0.10 	+0.19 	+0.28 	+0.37 	+0.46 	+0.54 	+0.61 	+0.68 	+0.74 	+0.79 	+0.83 	+0.87 	+0.89 	+0.91 	
-0.95 	-0.95 	-0.93 	-0.90 	-0.87 	-0.82 	-0.77 	-0.71 	-0.64 	-0.56 	-0.48 	-0.39 	-0.29 	-0.20 	-0.10 	-0.00 	+0.10 	+0.20 	+0.29 	+0.39 	+0.48 	+0.56 	+0.64 	+0.71 	+0.77 	+0.82 	+0.87 	+0.90 	+0.93 	+0.95 	
-0.98 	-0.97 	-0.96 	-0.93 	-0.89 	-0.85 	-0.79 	-0.73 	-0.65 	-0.57 	-0.49 	-0.40 	-0.30 	-0.20 	-0.10 	-0.00 	+0.10 	+0.20 	+0.30 	+0.40 	+0.49 	+0.57 	+0.65 	+0.73 	+0.79 	+0.85 	+0.89 	+0.93 	+0.96 	+0.97 	
-0.99 	-0.99 	-0.97 	-0.95 	-0.91 	-0.86 	-0.80 	-0.74 	-0.67 	-0.58 	-0.50 	-0.40 	-0.31 	-0.21 	-0.10 	-0.00 	+0.10 	+0.21 	+0.31 	+0.40 	+0.50 	+0.58 	+0.67 	+0.74 	+0.80 	+0.86 	+0.91 	+0.95 	+0.97 	+0.99 	

 
 
+0.00 	+0.55 	-0.16 	-0.10 	-0.09 	-0.08 	-0.06 	-0.05 	-0.04 	-0.02 	-0.01 	+0.01 	+0.02 	+0.03 	+0.05 	+0.06 	+0.07 	+0.09 	+0.10 	+0.11 	+0.11 	+0.12 	+0.13 	+0.13 	+0.14 	+0.14 	+0.14 	+0.14 	+0.13 	-0.07 	+0.00 	
+0.00 	-0.14 	+0.15 	+0.18 	-0.08 	-0.06 	-0.05 	-0.04 	-0.02 	-0.01 	+0.00 	+0.02 	+0.03 	+0.04 	+0.06 	+0.07 	+0.08 	+0.09 	+0.10 	+0.11 	+0.12 	+0.12 	+0.13 	+0.13 	+0.13 	+0.13 	+0.13 	+0.13 	+0.13 	-0.08 	+0.00 	
+0.00 	-0.01 	+0.02 	-0.15 	+0.19 	+0.25 	-0.05 	-0.04 	-0.03 	-0.02 	-0.00 	+0.01 	+0.02 	+0.03 	+0.04 	+0.05 	+0.07 	+0.08 	+0.08 	+0.09 	+0.10 	+0.11 	+0.11 	+0.11 	+0.12 	+0.12 	+0.12 	+0.12 	+0.11 	-0.08 	+0.00 	
+0.00 	-0.02 	+0.19 	+0.03 	-0.14 	-0.11 	+0.26 	+0.26 	-0.03 	-0.02 	-0.01 	+0.00 	+0.01 	+0.03 	+0.04 	+0.05 	+0.05 	+0.06 	+0.07 	+0.08 	+0.09 	+0.09 	+0.10 	+0.10 	+0.10 	+0.10 	+0.10 	+0.10 	+0.10 	-0.08 	+0.00 	
+0.00 	-0.08 	+0.17 	+0.18 	+0.04 	-0.12 	-0.10 	-0.04 	+0.27 	+0.27 	-0.01 	+0.00 	+0.01 	+0.02 	+0.03 	+0.04 	+0.05 	+0.05 	+0.06 	+0.07 	+0.07 	+0.08 	+0.08 	+0.08 	+0.09 	+0.09 	+0.09 	+0.09 	+0.09 	-0.08 	+0.00 	
+0.00 	-0.07 	+0.11 	+0.17 	+0.17 	+0.05 	-0.10 	-0.09 	-0.04 	-0.02 	+0.28 	+0.27 	+0.01 	+0.02 	+0.02 	+0.03 	+0.04 	+0.04 	+0.05 	+0.06 	+0.06 	+0.06 	+0.07 	+0.07 	+0.07 	+0.07 	+0.07 	+0.07 	+0.07 	-0.07 	+0.00 	
+0.00 	-0.07 	+0.09 	+0.11 	+0.17 	+0.15 	+0.06 	-0.08 	-0.08 	-0.03 	-0.02 	-0.01 	+0.28 	+0.27 	+0.02 	+0.03 	+0.03 	+0.04 	+0.04 	+0.05 	+0.05 	+0.05 	+0.06 	+0.06 	+0.06 	+0.06 	+0.06 	+0.06 	+0.06 	-0.07 	+0.00 	
+0.00 	-0.07 	+0.08 	+0.09 	+0.11 	+0.16 	+0.13 	+0.06 	-0.05 	-0.07 	-0.03 	-0.02 	-0.01 	+0.00 	+0.27 	+0.25 	+0.03 	+0.03 	+0.03 	+0.04 	+0.04 	+0.04 	+0.05 	+0.05 	+0.05 	+0.05 	+0.05 	+0.05 	+0.05 	-0.06 	+0.00 	
+0.00 	-0.06 	+0.06 	+0.08 	+0.09 	+0.10 	+0.15 	+0.11 	+0.06 	-0.03 	-0.06 	-0.02 	-0.02 	-0.01 	+0.00 	+0.01 	+0.25 	+0.23 	+0.03 	+0.03 	+0.03 	+0.04 	+0.04 	+0.04 	+0.04 	+0.04 	+0.04 	+0.04 	+0.04 	-0.05 	+0.00 	
+0.00 	-0.05 	+0.05 	+0.06 	+0.07 	+0.09 	+0.10 	+0.14 	+0.08 	+0.06 	-0.01 	-0.05 	-0.02 	-0.01 	-0.01 	+0.00 	+0.01 	+0.01 	+0.23 	+0.21 	+0.03 	+0.03 	+0.03 	+0.03 	+0.03 	+0.03 	+0.03 	+0.03 	+0.03 	-0.04 	+0.00 	
+0.00 	-0.04 	+0.04 	+0.05 	+0.06 	+0.07 	+0.08 	+0.09 	+0.13 	+0.06 	+0.06 	+0.01 	-0.04 	-0.02 	-0.01 	-0.01 	-0.00 	+0.00 	+0.01 	+0.01 	+0.20 	+0.18 	+0.02 	+0.02 	+0.02 	+0.02 	+0.02 	+0.02 	+0.02 	-0.03 	+0.00 	
+0.00 	-0.03 	+0.03 	+0.04 	+0.04 	+0.05 	+0.06 	+0.07 	+0.07 	+0.11 	+0.04 	+0.05 	+0.02 	-0.03 	-0.01 	-0.01 	-0.01 	-0.00 	+0.00 	+0.00 	+0.01 	+0.01 	+0.17 	+0.15 	+0.02 	+0.02 	+0.02 	+0.02 	+0.02 	-0.02 	+0.00 	
+0.00 	-0.02 	+0.02 	+0.02 	+0.03 	+0.04 	+0.04 	+0.05 	+0.06 	+0.06 	+0.09 	+0.02 	+0.04 	+0.02 	-0.03 	-0.01 	-0.01 	-0.01 	-0.00 	-0.00 	+0.00 	+0.00 	+0.01 	+0.01 	+0.14 	+0.11 	+0.01 	+0.01 	+0.01 	-0.01 	+0.00 	
+0.00 	-0.01 	+0.01 	+0.01 	+0.02 	+0.02 	+0.03 	+0.03 	+0.04 	+0.04 	+0.04 	+0.07 	+0.01 	+0.03 	+0.02 	-0.02 	-0.01 	-0.01 	-0.01 	-0.00 	-0.00 	+0.00 	+0.00 	+0.00 	+0.01 	+0.01 	+0.11 	+0.08 	+0.01 	-0.01 	+0.00 	
+0.00 	-0.00 	-0.00 	+0.00 	+0.01 	+0.01 	+0.01 	+0.02 	+0.02 	+0.02 	+0.02 	+0.03 	+0.04 	-0.00 	+0.02 	+0.02 	-0.01 	-0.01 	-0.00 	-0.00 	-0.00 	-0.00 	+0.00 	+0.00 	+0.00 	+0.00 	+0.01 	+0.01 	+0.07 	+0.03 	+0.00 	
+0.00 	+0.00 	-0.01 	-0.01 	-0.00 	-0.00 	-0.00 	-0.00 	+0.00 	+0.00 	+0.00 	+0.01 	+0.01 	+0.02 	-0.01 	+0.01 	+0.01 	+0.00 	-0.00 	-0.00 	+0.00 	+0.00 	+0.00 	+0.00 	+0.00 	+0.00 	+0.01 	+0.01 	+0.01 	-0.01 	-0.00 	
+0.00 	+0.00 	-0.01 	-0.01 	-0.01 	-0.01 	-0.01 	-0.02 	-0.02 	-0.02 	-0.02 	-0.02 	-0.01 	-0.01 	-0.01 	-0.00 	-0.00 	-0.01 	+0.01 	+0.00 	+0.01 	+0.01 	+0.01 	+0.01 	+0.01 	+0.01 	+0.01 	+0.01 	+0.01 	-0.01 	-0.00 	
+0.00 	+0.00 	-0.01 	-0.05 	-0.02 	-0.02 	-0.03 	-0.03 	-0.03 	-0.03 	-0.03 	-0.03 	-0.03 	-0.04 	-0.03 	-0.03 	+0.01 	-0.01 	-0.04 	+0.03 	+0.01 	+0.01 	+0.01 	+0.01 	+0.01 	+0.02 	+0.02 	+0.02 	+0.02 	-0.01 	-0.00 	
+0.00 	-0.00 	-0.01 	-0.02 	-0.06 	-0.10 	-0.04 	-0.04 	-0.05 	-0.05 	-0.05 	-0.05 	-0.05 	-0.06 	-0.06 	-0.06 	-0.06 	+0.03 	-0.02 	-0.07 	+0.04 	+0.02 	+0.02 	+0.02 	+0.02 	+0.02 	+0.02 	+0.03 	+0.03 	-0.02 	-0.00 	
+0.00 	-0.00 	-0.01 	-0.02 	-0.03 	-0.04 	-0.11 	-0.15 	-0.06 	-0.06 	-0.07 	-0.07 	-0.07 	-0.08 	-0.08 	-0.08 	-0.08 	-0.08 	+0.05 	-0.03 	-0.10 	+0.05 	+0.03 	+0.03 	+0.03 	+0.03 	+0.04 	+0.04 	+0.04 	-0.02 	-0.00 	
+0.00 	-0.01 	-0.00 	-0.01 	-0.02 	-0.04 	-0.05 	-0.06 	-0.16 	-0.20 	-0.08 	-0.09 	-0.09 	-0.09 	-0.10 	-0.10 	-0.10 	-0.10 	-0.11 	+0.08 	-0.04 	-0.14 	+0.06 	+0.04 	+0.04 	+0.05 	+0.05 	+0.05 	+0.05 	-0.02 	-0.00 	
+0.00 	-0.01 	+0.01 	-0.00 	-0.02 	-0.03 	-0.04 	-0.06 	-0.07 	-0.08 	-0.22 	-0.26 	-0.11 	-0.11 	-0.11 	-0.11 	-0.12 	-0.11 	-0.11 	-0.13 	+0.11 	-0.04 	-0.18 	+0.08 	+0.05 	+0.06 	+0.06 	+0.06 	+0.06 	-0.03 	-0.00 	
+0.00 	-0.01 	+0.02 	+0.01 	-0.01 	-0.02 	-0.04 	-0.05 	-0.07 	-0.08 	-0.09 	-0.11 	-0.27 	-0.31 	-0.13 	-0.13 	-0.13 	-0.13 	-0.13 	-0.13 	-0.15 	+0.15 	-0.05 	-0.22 	+0.10 	+0.06 	+0.07 	+0.07 	+0.08 	-0.03 	-0.00 	
+0.00 	-0.02 	+0.04 	+0.02 	+0.01 	-0.01 	-0.03 	-0.05 	-0.06 	-0.08 	-0.09 	-0.11 	-0.12 	-0.13 	-0.32 	-0.36 	-0.15 	-0.15 	-0.15 	-0.15 	-0.14 	-0.17 	+0.19 	-0.05 	-0.27 	+0.11 	+0.08 	+0.08 	+0.09 	-0.04 	-0.00 	
+0.00 	-0.02 	+0.06 	+0.04 	+0.02 	+0.00 	-0.02 	-0.04 	-0.05 	-0.07 	-0.09 	-0.10 	-0.12 	-0.13 	-0.14 	-0.15 	-0.37 	-0.40 	-0.16 	-0.16 	-0.16 	-0.15 	-0.18 	+0.24 	-0.05 	-0.30 	+0.13 	+0.09 	+0.10 	-0.05 	-0.00 	
+0.00 	-0.03 	+0.07 	+0.05 	+0.03 	+0.01 	-0.00 	-0.02 	-0.04 	-0.06 	-0.08 	-0.09 	-0.11 	-0.12 	-0.14 	-0.15 	-0.16 	-0.17 	-0.41 	-0.43 	-0.17 	-0.17 	-0.16 	-0.19 	+0.28 	-0.04 	-0.34 	+0.14 	+0.11 	-0.05 	-0.00 	
+0.00 	-0.04 	+0.08 	+0.07 	+0.05 	+0.03 	+0.01 	-0.01 	-0.03 	-0.05 	-0.07 	-0.08 	-0.10 	-0.12 	-0.13 	-0.14 	-0.15 	-0.16 	-0.17 	-0.18 	-0.44 	-0.45 	-0.18 	-0.17 	-0.20 	+0.32 	-0.04 	-0.37 	+0.16 	-0.06 	-0.00 	
+0.00 	-0.05 	+0.09 	+0.08 	+0.06 	+0.04 	+0.02 	+0.00 	-0.02 	-0.03 	-0.05 	-0.07 	-0.09 	-0.10 	-0.12 	-0.13 	-0.15 	-0.16 	-0.17 	-0.17 	-0.18 	-0.18 	-0.45 	-0.47 	-0.17 	-0.20 	+0.35 	-0.03 	-0.39 	-0.02 	-0.00 	
+0.00 	-0.06 	+0.10 	+0.09 	+0.07 	+0.05 	+0.04 	+0.02 	+0.00 	-0.02 	-0.04 	-0.05 	-0.07 	-0.09 	-0.10 	-0.12 	-0.13 	-0.14 	-0.15 	-0.16 	-0.17 	-0.17 	-0.17 	-0.18 	-0.46 	-0.47 	-0.20 	+0.38 	-0.02 	-0.61 	-0.00 	
+0.00 	-0.08 	+0.10 	+0.08 	+0.07 	+0.05 	+0.03 	+0.01 	-0.01 	-0.02 	-0.04 	-0.06 	-0.08 	-0.09 	-0.11 	-0.12 	-0.14 	-0.15 	-0.16 	-0.16 	-0.17 	-0.17 	-0.18 	-0.18 	-0.17 	-0.17 	-0.46 	-0.51 	+0.46 	-0.01 	-0.00 	

 
 
+0.00 	+0.00 	+0.00 	+0.00 	+0.00 	+0.00 	+0.00 	+0.00 	+0.00 	+0.00 	+0.00 	+0.00 	+0.00 	+0.00 	+0.00 	+0.00 	+0.00 	+0.00 	+0.00 	+0.00 	+0.00 	+0.00 	+0.00 	+0.00 	+0.00 	+0.00 	+0.00 	+0.00 	+0.00 	+0.00 	
+3.04 	+3.06 	+3.04 	+2.98 	+2.90 	+2.78 	+2.63 	+2.45 	+2.24 	+2.01 	+1.76 	+1.49 	+1.20 	+0.90 	+0.59 	+0.27 	-0.05 	-0.36 	-0.68 	-0.99 	-1.29 	-1.57 	-1.83 	-2.08 	-2.30 	-2.50 	-2.67 	-2.81 	-2.92 	-3.03 	
-0.79 	-0.77 	-0.77 	-0.75 	-0.73 	-0.70 	-0.66 	-0.62 	-0.57 	-0.51 	-0.44 	-0.37 	-0.30 	-0.23 	-0.15 	-0.07 	+0.01 	+0.10 	+0.18 	+0.25 	+0.33 	+0.40 	+0.47 	+0.53 	+0.58 	+0.63 	+0.68 	+0.71 	+0.75 	+0.74 	
-0.71 	-0.69 	-0.69 	-0.67 	-0.66 	-0.63 	-0.60 	-0.56 	-0.51 	-0.46 	-0.40 	-0.34 	-0.28 	-0.21 	-0.14 	-0.07 	+0.00 	+0.08 	+0.15 	+0.22 	+0.28 	+0.35 	+0.41 	+0.46 	+0.52 	+0.56 	+0.60 	+0.63 	+0.67 	+0.66 	
-0.62 	-0.59 	-0.60 	-0.59 	-0.57 	-0.55 	-0.52 	-0.49 	-0.45 	-0.41 	-0.36 	-0.30 	-0.25 	-0.19 	-0.13 	-0.07 	-0.01 	+0.06 	+0.12 	+0.18 	+0.24 	+0.29 	+0.35 	+0.40 	+0.44 	+0.48 	+0.52 	+0.54 	+0.58 	+0.57 	
-0.52 	-0.49 	-0.50 	-0.49 	-0.48 	-0.46 	-0.44 	-0.42 	-0.38 	-0.35 	-0.31 	-0.27 	-0.22 	-0.17 	-0.12 	-0.07 	-0.02 	+0.04 	+0.09 	+0.14 	+0.19 	+0.24 	+0.28 	+0.32 	+0.36 	+0.40 	+0.43 	+0.45 	+0.49 	+0.47 	
-0.41 	-0.38 	-0.40 	-0.39 	-0.39 	-0.37 	-0.36 	-0.34 	-0.31 	-0.29 	-0.26 	-0.22 	-0.19 	-0.15 	-0.11 	-0.07 	-0.03 	+0.01 	+0.06 	+0.10 	+0.14 	+0.18 	+0.21 	+0.25 	+0.28 	+0.31 	+0.33 	+0.35 	+0.39 	+0.37 	
-0.31 	-0.27 	-0.29 	-0.29 	-0.29 	-0.28 	-0.27 	-0.26 	-0.24 	-0.22 	-0.20 	-0.18 	-0.15 	-0.12 	-0.10 	-0.07 	-0.04 	-0.01 	+0.02 	+0.05 	+0.08 	+0.11 	+0.14 	+0.17 	+0.19 	+0.21 	+0.23 	+0.25 	+0.29 	+0.26 	
-0.19 	-0.16 	-0.18 	-0.18 	-0.18 	-0.18 	-0.18 	-0.17 	-0.16 	-0.15 	-0.14 	-0.13 	-0.12 	-0.10 	-0.08 	-0.07 	-0.05 	-0.03 	-0.01 	+0.01 	+0.03 	+0.05 	+0.07 	+0.08 	+0.10 	+0.12 	+0.13 	+0.14 	+0.18 	+0.15 	
-0.08 	-0.05 	-0.07 	-0.08 	-0.08 	-0.08 	-0.09 	-0.09 	-0.09 	-0.09 	-0.08 	-0.08 	-0.08 	-0.07 	-0.07 	-0.06 	-0.06 	-0.05 	-0.04 	-0.03 	-0.02 	-0.02 	-0.01 	+0.00 	+0.01 	+0.02 	+0.03 	+0.04 	+0.07 	+0.04 	
+0.04 	+0.07 	+0.04 	+0.03 	+0.03 	+0.02 	+0.01 	+0.00 	-0.01 	-0.02 	-0.02 	-0.03 	-0.04 	-0.05 	-0.05 	-0.06 	-0.06 	-0.07 	-0.07 	-0.08 	-0.08 	-0.08 	-0.08 	-0.08 	-0.08 	-0.08 	-0.07 	-0.07 	-0.04 	-0.07 	
+0.15 	+0.19 	+0.15 	+0.14 	+0.13 	+0.12 	+0.10 	+0.09 	+0.07 	+0.05 	+0.04 	+0.02 	-0.00 	-0.02 	-0.04 	-0.06 	-0.07 	-0.09 	-0.10 	-0.12 	-0.13 	-0.14 	-0.15 	-0.16 	-0.17 	-0.17 	-0.18 	-0.18 	-0.15 	-0.18 	
+0.27 	+0.30 	+0.26 	+0.25 	+0.23 	+0.22 	+0.20 	+0.17 	+0.15 	+0.12 	+0.10 	+0.07 	+0.04 	+0.01 	-0.02 	-0.05 	-0.08 	-0.11 	-0.13 	-0.16 	-0.18 	-0.20 	-0.22 	-0.24 	-0.26 	-0.27 	-0.28 	-0.28 	-0.26 	-0.29 	
+0.38 	+0.41 	+0.37 	+0.35 	+0.34 	+0.31 	+0.29 	+0.26 	+0.23 	+0.19 	+0.15 	+0.12 	+0.08 	+0.04 	-0.00 	-0.05 	-0.09 	-0.12 	-0.16 	-0.20 	-0.23 	-0.26 	-0.29 	-0.32 	-0.34 	-0.36 	-0.37 	-0.38 	-0.36 	-0.40 	
+0.48 	+0.51 	+0.47 	+0.46 	+0.43 	+0.41 	+0.37 	+0.34 	+0.30 	+0.26 	+0.21 	+0.16 	+0.11 	+0.06 	+0.01 	-0.04 	-0.09 	-0.14 	-0.19 	-0.24 	-0.28 	-0.32 	-0.36 	-0.39 	-0.42 	-0.45 	-0.47 	-0.48 	-0.46 	-0.50 	
+0.58 	+0.61 	+0.57 	+0.55 	+0.53 	+0.49 	+0.46 	+0.42 	+0.37 	+0.32 	+0.27 	+0.21 	+0.15 	+0.09 	+0.03 	-0.03 	-0.09 	-0.16 	-0.21 	-0.27 	-0.32 	-0.37 	-0.42 	-0.46 	-0.50 	-0.53 	-0.55 	-0.57 	-0.56 	-0.59 	
+0.68 	+0.70 	+0.66 	+0.64 	+0.61 	+0.58 	+0.54 	+0.49 	+0.44 	+0.38 	+0.32 	+0.25 	+0.19 	+0.12 	+0.04 	-0.03 	-0.10 	-0.17 	-0.24 	-0.30 	-0.36 	-0.42 	-0.48 	-0.53 	-0.57 	-0.60 	-0.63 	-0.66 	-0.65 	-0.68 	
+0.77 	+0.79 	+0.75 	+0.72 	+0.69 	+0.65 	+0.61 	+0.56 	+0.50 	+0.44 	+0.37 	+0.29 	+0.22 	+0.14 	+0.06 	-0.02 	-0.10 	-0.18 	-0.26 	-0.33 	-0.40 	-0.47 	-0.53 	-0.58 	-0.63 	-0.67 	-0.71 	-0.74 	-0.73 	-0.77 	
+0.84 	+0.87 	+0.82 	+0.80 	+0.77 	+0.72 	+0.68 	+0.62 	+0.56 	+0.49 	+0.41 	+0.33 	+0.25 	+0.16 	+0.08 	-0.01 	-0.10 	-0.19 	-0.27 	-0.35 	-0.43 	-0.51 	-0.57 	-0.64 	-0.69 	-0.74 	-0.78 	-0.81 	-0.80 	-0.84 	
+0.91 	+0.93 	+0.89 	+0.86 	+0.83 	+0.79 	+0.73 	+0.67 	+0.61 	+0.53 	+0.45 	+0.37 	+0.28 	+0.18 	+0.09 	-0.01 	-0.10 	-0.19 	-0.29 	-0.38 	-0.46 	-0.54 	-0.61 	-0.68 	-0.74 	-0.79 	-0.83 	-0.87 	-0.87 	-0.90 	
+0.97 	+0.99 	+0.95 	+0.92 	+0.89 	+0.84 	+0.78 	+0.72 	+0.65 	+0.57 	+0.49 	+0.40 	+0.30 	+0.20 	+0.10 	+0.00 	-0.10 	-0.20 	-0.30 	-0.39 	-0.48 	-0.57 	-0.65 	-0.72 	-0.78 	-0.84 	-0.88 	-0.92 	-0.92 	-0.96 	
+1.02 	+1.04 	+0.99 	+0.97 	+0.93 	+0.88 	+0.83 	+0.76 	+0.69 	+0.60 	+0.52 	+0.42 	+0.32 	+0.22 	+0.11 	+0.01 	-0.10 	-0.20 	-0.31 	-0.40 	-0.50 	-0.59 	-0.67 	-0.75 	-0.82 	-0.87 	-0.92 	-0.96 	-0.97 	-1.00 	
+1.06 	+1.07 	+1.03 	+1.00 	+0.97 	+0.92 	+0.86 	+0.79 	+0.71 	+0.63 	+0.54 	+0.44 	+0.34 	+0.23 	+0.13 	+0.02 	-0.09 	-0.20 	-0.31 	-0.41 	-0.51 	-0.60 	-0.69 	-0.77 	-0.84 	-0.90 	-0.95 	-0.99 	-1.01 	-1.03 	
+1.09 	+1.09 	+1.06 	+1.03 	+0.99 	+0.94 	+0.88 	+0.81 	+0.74 	+0.65 	+0.56 	+0.46 	+0.35 	+0.25 	+0.14 	+0.02 	-0.09 	-0.20 	-0.31 	-0.42 	-0.52 	-0.61 	-0.70 	-0.78 	-0.86 	-0.92 	-0.97 	-1.01 	-1.03 	-1.05 	
+1.10 	+1.10 	+1.07 	+1.04 	+1.00 	+0.96 	+0.90 	+0.83 	+0.75 	+0.66 	+0.57 	+0.47 	+0.36 	+0.25 	+0.14 	+0.03 	-0.08 	-0.20 	-0.31 	-0.41 	-0.52 	-0.61 	-0.70 	-0.79 	-0.86 	-0.93 	-0.98 	-1.02 	-1.04 	-1.06 	
+1.10 	+1.10 	+1.07 	+1.04 	+1.01 	+0.96 	+0.90 	+0.83 	+0.75 	+0.67 	+0.57 	+0.47 	+0.37 	+0.26 	+0.15 	+0.04 	-0.08 	-0.19 	-0.30 	-0.41 	-0.51 	-0.61 	-0.70 	-0.78 	-0.86 	-0.92 	-0.98 	-1.02 	-1.04 	-1.06 	
+1.09 	+1.09 	+1.06 	+1.04 	+1.00 	+0.95 	+0.89 	+0.83 	+0.75 	+0.67 	+0.57 	+0.48 	+0.37 	+0.26 	+0.15 	+0.04 	-0.07 	-0.18 	-0.29 	-0.40 	-0.50 	-0.60 	-0.69 	-0.77 	-0.84 	-0.91 	-0.96 	-1.01 	-1.03 	-1.05 	
+1.07 	+1.06 	+1.04 	+1.01 	+0.98 	+0.93 	+0.88 	+0.81 	+0.74 	+0.66 	+0.57 	+0.47 	+0.37 	+0.27 	+0.16 	+0.05 	-0.06 	-0.17 	-0.28 	-0.38 	-0.48 	-0.58 	-0.67 	-0.75 	-0.82 	-0.89 	-0.94 	-0.99 	-1.01 	-1.02 	
+1.04 	+1.03 	+1.01 	+0.98 	+0.95 	+0.91 	+0.85 	+0.79 	+0.72 	+0.64 	+0.55 	+0.46 	+0.36 	+0.26 	+0.16 	+0.05 	-0.05 	-0.16 	-0.26 	-0.37 	-0.46 	-0.56 	-0.64 	-0.72 	-0.79 	-0.85 	-0.91 	-0.95 	-0.98 	-0.99 	
-0.53 	-0.54 	-0.53 	-0.51 	-0.49 	-0.46 	-0.43 	-0.39 	-0.34 	-0.30 	-0.25 	-0.19 	-0.14 	-0.08 	-0.02 	+0.04 	+0.09 	+0.15 	+0.20 	+0.26 	+0.31 	+0.35 	+0.40 	+0.43 	+0.47 	+0.50 	+0.52 	+0.54 	+0.55 	+0.57 	
+0.00 	+0.00 	+0.00 	+0.00 	+0.00 	+0.00 	+0.00 	+0.00 	+0.00 	+0.00 	+0.00 	+0.00 	+0.00 	+0.00 	+0.00 	-0.00 	-0.00 	-0.00 	-0.00 	-0.00 	-0.00 	-0.00 	-0.00 	-0.00 	-0.00 	-0.00 	-0.00 	-0.00 	-0.00 	-0.00 	

 
 
+1.00 	+0.99 	+0.98 	+0.95 	+0.91 	+0.87 	+0.81 	+0.74 	+0.67 	+0.59 	+0.50 	+0.41 	+0.31 	+0.21 	+0.10 	+0.00 	-0.10 	-0.21 	-0.31 	-0.41 	-0.50 	-0.59 	-0.67 	-0.74 	-0.81 	-0.87 	-0.91 	-0.95 	-0.98 	-0.99 	
+0.99 	+0.99 	+0.97 	+0.95 	+0.91 	+0.86 	+0.80 	+0.74 	+0.67 	+0.58 	+0.50 	+0.40 	+0.31 	+0.21 	+0.10 	-0.00 	-0.10 	-0.21 	-0.31 	-0.40 	-0.50 	-0.58 	-0.67 	-0.74 	-0.80 	-0.86 	-0.91 	-0.95 	-0.97 	-0.99 	
+0.98 	+0.97 	+0.96 	+0.93 	+0.89 	+0.85 	+0.79 	+0.73 	+0.65 	+0.57 	+0.49 	+0.40 	+0.30 	+0.20 	+0.10 	-0.00 	-0.10 	-0.20 	-0.30 	-0.40 	-0.49 	-0.57 	-0.65 	-0.73 	-0.79 	-0.85 	-0.89 	-0.93 	-0.96 	-0.97 	
+0.95 	+0.95 	+0.93 	+0.90 	+0.87 	+0.82 	+0.77 	+0.71 	+0.64 	+0.56 	+0.48 	+0.39 	+0.29 	+0.20 	+0.10 	-0.00 	-0.10 	-0.20 	-0.29 	-0.39 	-0.48 	-0.56 	-0.64 	-0.71 	-0.77 	-0.82 	-0.87 	-0.90 	-0.93 	-0.95 	
+0.91 	+0.91 	+0.89 	+0.87 	+0.83 	+0.79 	+0.74 	+0.68 	+0.61 	+0.54 	+0.46 	+0.37 	+0.28 	+0.19 	+0.10 	-0.00 	-0.10 	-0.19 	-0.28 	-0.37 	-0.46 	-0.54 	-0.61 	-0.68 	-0.74 	-0.79 	-0.83 	-0.87 	-0.89 	-0.91 	
+0.87 	+0.86 	+0.85 	+0.82 	+0.79 	+0.75 	+0.70 	+0.64 	+0.58 	+0.51 	+0.43 	+0.35 	+0.27 	+0.18 	+0.09 	-0.00 	-0.09 	-0.18 	-0.27 	-0.35 	-0.43 	-0.51 	-0.58 	-0.64 	-0.70 	-0.75 	-0.79 	-0.82 	-0.85 	-0.86 	
+0.81 	+0.80 	+0.79 	+0.77 	+0.74 	+0.70 	+0.65 	+0.60 	+0.54 	+0.48 	+0.40 	+0.33 	+0.25 	+0.17 	+0.08 	-0.00 	-0.08 	-0.17 	-0.25 	-0.33 	-0.40 	-0.48 	-0.54 	-0.60 	-0.65 	-0.70 	-0.74 	-0.77 	-0.79 	-0.80 	
+0.74 	+0.74 	+0.73 	+0.71 	+0.68 	+0.64 	+0.60 	+0.55 	+0.50 	+0.44 	+0.37 	+0.30 	+0.23 	+0.15 	+0.08 	-0.00 	-0.08 	-0.15 	-0.23 	-0.30 	-0.37 	-0.44 	-0.50 	-0.55 	-0.60 	-0.64 	-0.68 	-0.71 	-0.73 	-0.74 	
+0.67 	+0.67 	+0.65 	+0.64 	+0.61 	+0.58 	+0.54 	+0.50 	+0.45 	+0.39 	+0.33 	+0.27 	+0.21 	+0.14 	+0.07 	-0.00 	-0.07 	-0.14 	-0.21 	-0.27 	-0.33 	-0.39 	-0.45 	-0.50 	-0.54 	-0.58 	-0.61 	-0.64 	-0.65 	-0.67 	
+0.59 	+0.58 	+0.57 	+0.56 	+0.54 	+0.51 	+0.48 	+0.44 	+0.39 	+0.35 	+0.29 	+0.24 	+0.18 	+0.12 	+0.06 	-0.00 	-0.06 	-0.12 	-0.18 	-0.24 	-0.29 	-0.35 	-0.39 	-0.44 	-0.48 	-0.51 	-0.54 	-0.56 	-0.57 	-0.58 	
+0.50 	+0.50 	+0.49 	+0.48 	+0.46 	+0.43 	+0.40 	+0.37 	+0.33 	+0.29 	+0.25 	+0.20 	+0.15 	+0.10 	+0.05 	-0.00 	-0.05 	-0.10 	-0.15 	-0.20 	-0.25 	-0.29 	-0.33 	-0.37 	-0.40 	-0.43 	-0.46 	-0.48 	-0.49 	-0.50 	
+0.41 	+0.40 	+0.40 	+0.39 	+0.37 	+0.35 	+0.33 	+0.30 	+0.27 	+0.24 	+0.20 	+0.17 	+0.13 	+0.08 	+0.04 	-0.00 	-0.04 	-0.08 	-0.13 	-0.17 	-0.20 	-0.24 	-0.27 	-0.30 	-0.33 	-0.35 	-0.37 	-0.39 	-0.40 	-0.40 	
+0.31 	+0.31 	+0.30 	+0.29 	+0.28 	+0.27 	+0.25 	+0.23 	+0.21 	+0.18 	+0.15 	+0.13 	+0.10 	+0.06 	+0.03 	-0.00 	-0.03 	-0.06 	-0.10 	-0.13 	-0.15 	-0.18 	-0.21 	-0.23 	-0.25 	-0.27 	-0.28 	-0.29 	-0.30 	-0.31 	
+0.21 	+0.21 	+0.20 	+0.20 	+0.19 	+0.18 	+0.17 	+0.15 	+0.14 	+0.12 	+0.10 	+0.08 	+0.06 	+0.04 	+0.02 	-0.00 	-0.02 	-0.04 	-0.06 	-0.08 	-0.10 	-0.12 	-0.14 	-0.15 	-0.17 	-0.18 	-0.19 	-0.20 	-0.20 	-0.21 	
+0.10 	+0.10 	+0.10 	+0.10 	+0.10 	+0.09 	+0.08 	+0.08 	+0.07 	+0.06 	+0.05 	+0.04 	+0.03 	+0.02 	+0.01 	-0.00 	-0.01 	-0.02 	-0.03 	-0.04 	-0.05 	-0.06 	-0.07 	-0.08 	-0.08 	-0.09 	-0.10 	-0.10 	-0.10 	-0.10 	
-0.00 	-0.00 	-0.00 	-0.00 	-0.00 	-0.00 	-0.00 	-0.00 	-0.00 	-0.00 	-0.00 	-0.00 	-0.00 	-0.00 	-0.00 	-0.00 	+0.00 	+0.00 	+0.00 	+0.00 	+0.00 	+0.00 	+0.00 	+0.00 	+0.00 	+0.00 	+0.00 	+0.00 	+0.00 	+0.00 	
-0.10 	-0.10 	-0.10 	-0.10 	-0.10 	-0.09 	-0.08 	-0.08 	-0.07 	-0.06 	-0.05 	-0.04 	-0.03 	-0.02 	-0.01 	-0.00 	+0.01 	+0.02 	+0.03 	+0.04 	+0.05 	+0.06 	+0.07 	+0.08 	+0.08 	+0.09 	+0.10 	+0.10 	+0.10 	+0.10 	
-0.21 	-0.21 	-0.20 	-0.20 	-0.19 	-0.18 	-0.17 	-0.15 	-0.14 	-0.12 	-0.10 	-0.08 	-0.06 	-0.04 	-0.02 	-0.00 	+0.02 	+0.04 	+0.06 	+0.08 	+0.10 	+0.12 	+0.14 	+0.15 	+0.17 	+0.18 	+0.19 	+0.20 	+0.20 	+0.21 	
-0.31 	-0.31 	-0.30 	-0.29 	-0.28 	-0.27 	-0.25 	-0.23 	-0.21 	-0.18 	-0.15 	-0.13 	-0.10 	-0.06 	-0.03 	-0.00 	+0.03 	+0.06 	+0.10 	+0.13 	+0.15 	+0.18 	+0.21 	+0.23 	+0.25 	+0.27 	+0.28 	+0.29 	+0.30 	+0.31 	
-0.41 	-0.40 	-0.40 	-0.39 	-0.37 	-0.35 	-0.33 	-0.30 	-0.27 	-0.24 	-0.20 	-0.17 	-0.13 	-0.08 	-0.04 	-0.00 	+0.04 	+0.08 	+0.13 	+0.17 	+0.20 	+0.24 	+0.27 	+0.30 	+0.33 	+0.35 	+0.37 	+0.39 	+0.40 	+0.40 	
-0.50 	-0.50 	-0.49 	-0.48 	-0.46 	-0.43 	-0.40 	-0.37 	-0.33 	-0.29 	-0.25 	-0.20 	-0.15 	-0.10 	-0.05 	-0.00 	+0.05 	+0.10 	+0.15 	+0.20 	+0.25 	+0.29 	+0.33 	+0.37 	+0.40 	+0.43 	+0.46 	+0.48 	+0.49 	+0.50 	
-0.59 	-0.58 	-0.57 	-0.56 	-0.54 	-0.51 	-0.48 	-0.44 	-0.39 	-0.35 	-0.29 	-0.24 	-0.18 	-0.12 	-0.06 	-0.00 	+0.06 	+0.12 	+0.18 	+0.24 	+0.29 	+0.35 	+0.39 	+0.44 	+0.48 	+0.51 	+0.54 	+0.56 	+0.57 	+0.58 	
-0.67 	-0.67 	-0.65 	-0.64 	-0.61 	-0.58 	-0.54 	-0.50 	-0.45 	-0.39 	-0.33 	-0.27 	-0.21 	-0.14 	-0.07 	-0.00 	+0.07 	+0.14 	+0.21 	+0.27 	+0.33 	+0.39 	+0.45 	+0.50 	+0.54 	+0.58 	+0.61 	+0.64 	+0.65 	+0.67 	
-0.74 	-0.74 	-0.73 	-0.71 	-0.68 	-0.64 	-0.60 	-0.55 	-0.50 	-0.44 	-0.37 	-0.30 	-0.23 	-0.15 	-0.08 	-0.00 	+0.08 	+0.15 	+0.23 	+0.30 	+0.37 	+0.44 	+0.50 	+0.55 	+0.60 	+0.64 	+0.68 	+0.71 	+0.73 	+0.74 	
-0.81 	-0.80 	-0.79 	-0.77 	-0.74 	-0.70 	-0.65 	-0.60 	-0.54 	-0.48 	-0.40 	-0.33 	-0.25 	-0.17 	-0.08 	+0.00 	+0.08 	+0.17 	+0.25 	+0.33 	+0.40 	+0.48 	+0.54 	+0.60 	+0.65 	+0.70 	+0.74 	+0.77 	+0.79 	+0.80 	
-0.87 	-0.86 	-0.85 	-0.82 	-0.79 	-0.75 	-0.70 	-0.64 	-0.58 	-0.51 	-0.43 	-0.35 	-0.27 	-0.18 	-0.09 	+0.00 	+0.09 	+0.18 	+0.27 	+0.35 	+0.43 	+0.51 	+0.58 	+0.64 	+0.70 	+0.75 	+0.79 	+0.82 	+0.85 	+0.86 	
-0.91 	-0.91 	-0.89 	-0.87 	-0.83 	-0.79 	-0.74 	-0.68 	-0.61 	-0.54 	-0.46 	-0.37 	-0.28 	-0.19 	-0.10 	+0.00 	+0.10 	+0.19 	+0.28 	+0.37 	+0.46 	+0.54 	+0.61 	+0.68 	+0.74 	+0.79 	+0.83 	+0.87 	+0.89 	+0.91 	
-0.95 	-0.95 	-0.93 	-0.90 	-0.87 	-0.82 	-0.77 	-0.71 	-0.64 	-0.56 	-0.48 	-0.39 	-0.29 	-0.20 	-0.10 	+0.00 	+0.10 	+0.20 	+0.29 	+0.39 	+0.48 	+0.56 	+0.64 	+0.71 	+0.77 	+0.82 	+0.87 	+0.90 	+0.93 	+0.95 	
-0.98 	-0.97 	-0.96 	-0.93 	-0.89 	-0.85 	-0.79 	-0.73 	-0.65 	-0.57 	-0.49 	-0.40 	-0.30 	-0.20 	-0.10 	+0.00 	+0.10 	+0.20 	+0.30 	+0.40 	+0.49 	+0.57 	+0.65 	+0.73 	+0.79 	+0.85 	+0.89 	+0.93 	+0.96 	+0.97 	
-0.99 	-0.99 	-0.97 	-0.95 	-0.91 	-0.86 	-0.80 	-0.74 	-0.67 	-0.58 	-0.50 	-0.40 	-0.31 	-0.21 	-0.10 	+0.00 	+0.10 	+0.21 	+0.31 	+0.40 	+0.50 	+0.58 	+0.67 	+0.74 	+0.80 	+0.86 	+0.91 	+0.95 	+0.97 	+0.99 	

 
 
+0.00 	-7.22 	+6.97 	-0.13 	-0.31 	-0.10 	-0.09 	-0.08 	-0.07 	-0.06 	-0.05 	-0.04 	-0.03 	-0.01 	+0.00 	+0.01 	+0.03 	+0.04 	+0.05 	+0.06 	+0.07 	+0.08 	+0.09 	+0.10 	+0.11 	+0.11 	+0.12 	+0.12 	-0.48 	+1.74 	+0.00 	
+0.00 	+3.16 	-0.59 	-3.35 	+1.46 	+1.62 	-0.37 	-0.13 	-0.13 	-0.12 	-0.11 	-0.10 	-0.09 	-0.08 	-0.06 	-0.05 	-0.04 	-0.02 	-0.01 	+0.01 	+0.02 	+0.04 	+0.05 	+0.07 	+0.08 	+0.09 	+0.10 	+0.11 	-0.47 	+0.80 	+0.00 	
+0.00 	-0.55 	-0.15 	+2.58 	-2.12 	-1.22 	+0.21 	+0.15 	+1.17 	-0.06 	-0.05 	-0.04 	-0.03 	-0.02 	-0.01 	+0.00 	+0.02 	+0.03 	+0.04 	+0.05 	+0.06 	+0.07 	+0.08 	+0.09 	+0.10 	+0.10 	+0.11 	+0.11 	-0.44 	+0.78 	+0.00 	
+0.00 	+1.64 	-1.41 	-0.35 	+1.21 	+0.79 	-1.37 	-0.92 	+1.66 	-1.35 	-0.25 	+1.38 	-0.04 	-0.03 	-0.02 	-0.01 	+0.00 	+0.01 	+0.02 	+0.03 	+0.04 	+0.05 	+0.06 	+0.07 	+0.07 	+0.08 	+0.08 	+0.09 	-0.42 	+0.73 	+0.00 	
+0.00 	+0.97 	+0.35 	-0.71 	-0.15 	+0.70 	-0.72 	+1.53 	-1.15 	-0.90 	+1.64 	+0.13 	-1.70 	+0.02 	+1.35 	-0.01 	-0.00 	+0.01 	+0.02 	+0.02 	+0.03 	+0.04 	+0.05 	+0.05 	+0.06 	+0.06 	+0.07 	+0.07 	-0.39 	+0.67 	+0.00 	
+0.00 	+0.65 	-0.20 	+0.79 	-0.57 	-0.19 	+0.85 	-1.06 	-0.06 	+1.77 	-1.20 	-0.85 	+1.62 	+0.13 	-0.24 	-1.41 	+0.06 	+1.30 	+0.01 	+0.02 	+0.02 	+0.03 	+0.04 	+0.04 	+0.05 	+0.05 	+0.05 	+0.06 	-0.35 	+0.60 	+0.00 	
+0.00 	+0.62 	-0.42 	+0.33 	+0.64 	-0.41 	-0.21 	+0.74 	-0.68 	-0.51 	+0.17 	+1.73 	-1.21 	-0.80 	+1.57 	+0.13 	-0.20 	-0.02 	-1.32 	+0.09 	+1.23 	+0.02 	+0.03 	+0.03 	+0.04 	+0.04 	+0.04 	+0.05 	-0.30 	+0.53 	+0.00 	
+0.00 	+0.55 	-0.35 	+0.05 	+0.33 	+0.47 	-0.24 	-0.23 	+0.60 	-0.52 	-0.27 	-0.27 	+0.16 	+1.71 	-1.22 	-0.76 	+1.52 	+0.13 	-0.18 	-0.01 	-0.01 	-1.22 	+0.11 	+1.14 	+0.03 	+0.03 	+0.03 	+0.04 	-0.25 	+0.44 	+0.00 	
+0.00 	+0.46 	-0.30 	+0.07 	+0.05 	+0.32 	+0.30 	-0.07 	-0.24 	+0.45 	-0.36 	-0.25 	-0.06 	-0.25 	+0.16 	+1.66 	-1.21 	-0.71 	+1.43 	+0.11 	-0.15 	-0.01 	-0.00 	-0.00 	-1.11 	+0.13 	+1.03 	+0.03 	-0.20 	+0.36 	+0.00 	
+0.00 	+0.37 	-0.25 	+0.06 	+0.07 	+0.05 	+0.31 	+0.14 	+0.09 	-0.24 	+0.29 	-0.21 	-0.23 	-0.05 	-0.06 	-0.22 	+0.16 	+1.58 	-1.18 	-0.65 	+1.33 	+0.10 	-0.12 	-0.00 	-0.00 	+0.00 	+0.00 	-1.00 	-0.04 	+1.16 	+0.00 	
+0.00 	+0.28 	-0.19 	+0.04 	+0.05 	+0.06 	+0.05 	+0.29 	+0.00 	+0.22 	-0.23 	+0.14 	-0.07 	-0.20 	-0.05 	-0.05 	-0.04 	-0.19 	+0.16 	+1.47 	-1.13 	-0.58 	+1.19 	+0.08 	-0.10 	+0.00 	+0.00 	+0.00 	-0.12 	+0.19 	+0.00 	
+0.00 	+0.31 	+0.61 	+0.03 	+0.04 	+0.05 	+0.06 	+0.04 	+0.27 	-0.11 	+0.32 	-0.20 	+0.02 	+0.03 	-0.16 	-0.04 	-0.04 	-0.04 	-0.03 	-0.16 	+0.15 	+1.32 	-1.04 	-0.49 	+1.02 	+0.05 	-0.07 	+0.00 	-0.08 	+0.13 	+0.00 	
+0.00 	+0.09 	-0.10 	-0.75 	+0.16 	+0.64 	+0.04 	+0.05 	+0.03 	+0.24 	-0.19 	+0.36 	-0.17 	-0.07 	+0.10 	-0.12 	-0.04 	-0.04 	-0.03 	-0.02 	-0.02 	-0.13 	+0.14 	+1.14 	-0.93 	-0.38 	+0.82 	+0.03 	-0.10 	+0.08 	+0.00 	
+0.00 	+0.03 	-0.06 	-0.00 	+0.00 	+0.01 	-0.60 	+0.17 	+0.50 	+0.02 	+0.20 	-0.22 	+0.35 	-0.13 	-0.12 	+0.11 	-0.07 	-0.03 	-0.03 	-0.02 	-0.02 	-0.01 	-0.01 	-0.10 	+0.12 	+0.91 	-0.78 	-0.24 	+0.54 	+0.05 	+0.00 	
+0.00 	-0.02 	-0.02 	-0.01 	-0.01 	-0.00 	+0.00 	+0.00 	+0.01 	-0.45 	+0.15 	+0.46 	-0.20 	+0.28 	-0.08 	-0.11 	+0.08 	-0.01 	-0.02 	-0.01 	-0.01 	-0.01 	-0.01 	-0.00 	-0.00 	-0.07 	+0.10 	+0.65 	-0.62 	-0.06 	+0.00 	
+0.00 	-0.05 	+0.01 	-0.01 	-0.01 	-0.01 	-0.01 	-0.01 	-0.01 	-0.01 	-0.00 	-0.01 	-0.22 	+0.03 	+0.30 	-0.03 	-0.04 	-0.01 	+0.05 	-0.01 	-0.00 	-0.00 	+0.00 	+0.00 	+0.00 	+0.00 	+0.01 	-0.04 	+0.04 	+0.29 	+0.00 	
+0.00 	-0.04 	+0.01 	-0.07 	+0.00 	-0.02 	-0.02 	-0.02 	-0.02 	-0.02 	-0.02 	-0.02 	-0.03 	+0.03 	+0.01 	-0.07 	+0.02 	+0.10 	-0.15 	+0.11 	+0.00 	+0.01 	+0.01 	+0.01 	+0.01 	+0.01 	+0.01 	+0.01 	-0.05 	+0.07 	-0.00 	
+0.00 	-0.09 	-0.08 	+0.33 	-0.38 	-0.11 	+0.02 	-0.03 	-0.04 	-0.04 	-0.04 	-0.04 	-0.04 	-0.04 	-0.03 	+0.20 	-0.34 	+0.07 	+0.30 	-0.34 	+0.34 	-0.14 	+0.03 	+0.03 	+0.03 	+0.03 	+0.03 	+0.03 	-0.08 	+0.10 	-0.00 	
+0.00 	-0.04 	+0.04 	-0.40 	+0.17 	+0.58 	-0.76 	-0.15 	+0.02 	-0.05 	-0.05 	-0.06 	-0.06 	-0.06 	-0.05 	-0.10 	+0.45 	-0.65 	+0.12 	+0.55 	-0.59 	+0.27 	+0.19 	+0.21 	-0.26 	+0.05 	+0.05 	+0.05 	-0.10 	+0.15 	-0.00 	
+0.00 	+0.00 	+0.00 	+0.01 	-0.03 	-0.82 	+0.48 	+0.84 	-1.18 	-0.19 	+0.02 	-0.08 	-0.08 	-0.08 	-0.08 	-0.07 	-0.18 	+0.74 	-1.00 	+0.16 	+0.84 	-0.88 	+0.35 	+0.05 	+0.08 	+0.39 	+0.22 	-0.40 	-0.13 	+0.21 	-0.00 	
+0.00 	+0.06 	-0.02 	-0.01 	-0.02 	+0.01 	-0.08 	-1.26 	+0.80 	+1.13 	-1.62 	-0.24 	+0.02 	-0.10 	-0.10 	-0.10 	-0.09 	-0.26 	+1.07 	-1.38 	+0.20 	+1.18 	-1.21 	+0.43 	+0.07 	+0.10 	+0.10 	+0.10 	+0.31 	+0.44 	-0.00 	
+0.00 	+0.12 	-0.05 	+0.01 	-0.01 	-0.02 	-0.04 	+0.02 	-0.13 	-1.73 	+1.14 	+1.42 	-2.07 	-0.29 	+0.02 	-0.12 	-0.12 	-0.11 	-0.34 	+1.43 	-1.78 	+0.23 	+1.54 	-1.57 	+0.51 	+0.09 	+0.12 	+0.13 	-0.19 	+0.37 	-0.00 	
+0.00 	+0.83 	+0.07 	-0.72 	+0.01 	-0.01 	-0.03 	-0.05 	-0.07 	+0.01 	-0.18 	-2.20 	+1.49 	+1.73 	-2.52 	-0.33 	+0.01 	-0.14 	-0.12 	-0.42 	+1.81 	-2.20 	+0.25 	+1.93 	-1.94 	+0.59 	+0.11 	+0.15 	-0.23 	+0.46 	-0.00 	
+0.00 	+0.30 	-0.10 	+0.08 	+0.81 	+0.16 	-0.89 	-0.03 	-0.05 	-0.07 	-0.09 	+0.01 	-0.23 	-2.67 	+1.83 	+2.04 	-2.96 	-0.37 	+0.01 	-0.14 	-0.51 	+2.20 	-2.61 	+0.26 	+2.33 	-2.31 	+0.67 	+0.13 	-0.27 	+0.54 	-0.00 	
+0.00 	+0.39 	-0.14 	+0.10 	+0.08 	+0.06 	+0.04 	+0.90 	+0.10 	-1.06 	-0.08 	-0.10 	-0.12 	+0.00 	-0.28 	-3.12 	+2.17 	+2.34 	-3.39 	-0.40 	+0.03 	-0.59 	+2.57 	-3.01 	+0.25 	+2.72 	-2.68 	+0.73 	-0.34 	+0.61 	-0.00 	
+0.00 	+0.48 	-0.18 	+0.13 	+0.11 	+0.09 	+0.06 	+0.04 	+0.02 	-0.01 	+0.97 	+0.04 	-1.22 	-0.12 	-0.15 	-0.00 	-0.33 	-3.55 	+2.50 	+2.64 	-3.78 	-0.40 	-0.46 	+2.93 	-3.38 	+0.24 	+3.11 	-3.03 	+0.25 	+0.64 	-0.00 	
+0.00 	+0.56 	-0.23 	+0.15 	+0.13 	+0.11 	+0.09 	+0.07 	+0.04 	+0.02 	-0.01 	-0.03 	-0.05 	+1.04 	-0.01 	-1.36 	-0.17 	-0.01 	-0.36 	-3.93 	+2.80 	+2.91 	-4.10 	-0.97 	+3.47 	-3.72 	+0.22 	+3.47 	-3.91 	+1.37 	-0.00 	
+0.00 	+0.64 	-0.27 	+0.17 	+0.15 	+0.13 	+0.11 	+0.09 	+0.07 	+0.05 	+0.03 	+0.00 	-0.02 	-0.04 	-0.07 	-0.09 	+1.10 	-0.06 	-1.47 	+0.00 	-0.39 	-4.27 	+3.08 	+3.20 	-5.00 	+3.29 	-3.78 	+0.18 	+3.19 	-3.07 	-0.00 	
+0.00 	+0.66 	-0.35 	+0.14 	+0.12 	+0.10 	+0.08 	+0.06 	+0.03 	+0.01 	-0.01 	-0.03 	-0.06 	-0.08 	-0.10 	-0.12 	-0.14 	-0.15 	-0.17 	+1.12 	-0.14 	-1.40 	-0.44 	-4.58 	+3.34 	+2.76 	-0.71 	-4.44 	+0.03 	+5.37 	-0.00 	
+0.00 	+0.80 	-0.38 	+0.17 	+0.16 	+0.15 	+0.13 	+0.11 	+0.10 	+0.08 	+0.06 	+0.04 	+0.01 	-0.01 	-0.03 	-0.05 	-0.07 	-0.09 	-0.11 	-0.13 	-0.14 	-0.16 	+1.20 	+0.08 	-1.86 	-4.98 	+1.91 	+8.00 	-6.79 	-0.27 	-0.00 	

 
 
+0.00 	+0.00 	+0.00 	+0.00 	+0.00 	+0.00 	+0.00 	+0.00 	+0.00 	+0.00 	+0.00 	+0.00 	+0.00 	+0.00 	+0.00 	+0.00 	+0.00 	+0.00 	+0.00 	+0.00 	+0.00 	+0.00 	+0.00 	+0.00 	+0.00 	+0.00 	+0.00 	+0.00 	+0.00 	+0.00 	
-32.27 	-32.57 	-32.34 	-31.74 	-30.79 	-29.51 	-27.90 	-25.99 	-23.80 	-21.34 	-18.65 	-15.76 	-12.69 	-9.48 	-6.17 	-2.79 	+0.61 	+4.02 	+7.37 	+10.65 	+13.81 	+16.82 	+19.64 	+22.25 	+24.62 	+26.71 	+28.52 	+30.03 	+31.01 	+32.39 	
+29.45 	+29.40 	+29.31 	+28.84 	+28.06 	+26.96 	+25.57 	+23.90 	+21.97 	+19.80 	+17.41 	+14.83 	+12.09 	+9.21 	+6.23 	+3.19 	+0.11 	-2.97 	-6.02 	-9.00 	-11.88 	-14.64 	-17.23 	-19.63 	-21.82 	-23.77 	-25.46 	-26.85 	-28.07 	-28.90 	
-1.03 	-1.14 	-1.04 	-1.02 	-0.99 	-0.95 	-0.90 	-0.84 	-0.77 	-0.69 	-0.60 	-0.50 	-0.40 	-0.30 	-0.19 	-0.08 	+0.03 	+0.14 	+0.24 	+0.35 	+0.45 	+0.55 	+0.64 	+0.72 	+0.80 	+0.87 	+0.93 	+1.01 	+0.91 	+1.06 	
-0.97 	-1.10 	-0.98 	-0.98 	-0.95 	-0.91 	-0.86 	-0.80 	-0.74 	-0.66 	-0.58 	-0.49 	-0.40 	-0.30 	-0.19 	-0.09 	+0.01 	+0.12 	+0.22 	+0.32 	+0.42 	+0.51 	+0.60 	+0.68 	+0.76 	+0.82 	+0.88 	+0.96 	+0.85 	+1.02 	
-0.91 	-1.05 	-0.92 	-0.92 	-0.90 	-0.86 	-0.82 	-0.76 	-0.70 	-0.63 	-0.55 	-0.47 	-0.38 	-0.29 	-0.19 	-0.10 	+0.00 	+0.10 	+0.20 	+0.29 	+0.39 	+0.47 	+0.56 	+0.63 	+0.70 	+0.76 	+0.82 	+0.91 	+0.78 	+0.96 	
-0.83 	-0.98 	-0.84 	-0.85 	-0.83 	-0.80 	-0.76 	-0.71 	-0.65 	-0.59 	-0.52 	-0.44 	-0.36 	-0.28 	-0.19 	-0.10 	-0.01 	+0.08 	+0.17 	+0.26 	+0.35 	+0.43 	+0.50 	+0.58 	+0.64 	+0.70 	+0.75 	+0.84 	+0.70 	+0.89 	
-0.74 	-0.91 	-0.76 	-0.78 	-0.76 	-0.73 	-0.70 	-0.65 	-0.60 	-0.55 	-0.48 	-0.41 	-0.34 	-0.27 	-0.19 	-0.10 	-0.02 	+0.06 	+0.14 	+0.22 	+0.30 	+0.38 	+0.45 	+0.51 	+0.57 	+0.63 	+0.67 	+0.77 	+0.62 	+0.82 	
-0.65 	-0.83 	-0.66 	-0.69 	-0.68 	-0.65 	-0.62 	-0.59 	-0.54 	-0.49 	-0.44 	-0.38 	-0.32 	-0.25 	-0.18 	-0.11 	-0.03 	+0.04 	+0.11 	+0.18 	+0.25 	+0.32 	+0.38 	+0.44 	+0.50 	+0.55 	+0.59 	+0.68 	+0.53 	+0.73 	
-0.55 	-0.73 	-0.56 	-0.60 	-0.59 	-0.57 	-0.55 	-0.52 	-0.48 	-0.44 	-0.39 	-0.34 	-0.29 	-0.23 	-0.17 	-0.11 	-0.05 	+0.02 	+0.08 	+0.14 	+0.20 	+0.26 	+0.32 	+0.37 	+0.42 	+0.46 	+0.50 	+0.59 	+0.43 	+0.64 	
-0.44 	-0.63 	-0.45 	-0.50 	-0.49 	-0.48 	-0.46 	-0.44 	-0.41 	-0.38 	-0.34 	-0.30 	-0.25 	-0.21 	-0.16 	-0.11 	-0.06 	-0.00 	+0.05 	+0.10 	+0.15 	+0.20 	+0.25 	+0.29 	+0.33 	+0.37 	+0.40 	+0.50 	+0.33 	+0.54 	
-0.33 	-0.52 	-0.34 	-0.40 	-0.39 	-0.38 	-0.37 	-0.36 	-0.33 	-0.31 	-0.28 	-0.25 	-0.22 	-0.18 	-0.15 	-0.11 	-0.07 	-0.03 	+0.02 	+0.06 	+0.10 	+0.14 	+0.18 	+0.21 	+0.25 	+0.28 	+0.31 	+0.39 	+0.22 	+0.43 	
-0.21 	-0.41 	-0.23 	-0.29 	-0.29 	-0.28 	-0.28 	-0.27 	-0.26 	-0.24 	-0.22 	-0.20 	-0.18 	-0.16 	-0.13 	-0.10 	-0.08 	-0.05 	-0.02 	+0.01 	+0.04 	+0.07 	+0.10 	+0.13 	+0.16 	+0.18 	+0.20 	+0.29 	+0.12 	+0.32 	
-0.09 	-0.29 	-0.11 	-0.17 	-0.18 	-0.18 	-0.18 	-0.18 	-0.18 	-0.17 	-0.16 	-0.15 	-0.14 	-0.13 	-0.12 	-0.10 	-0.08 	-0.07 	-0.05 	-0.03 	-0.01 	+0.01 	+0.03 	+0.04 	+0.06 	+0.08 	+0.10 	+0.18 	+0.01 	+0.20 	
+0.03 	-0.17 	+0.01 	-0.06 	-0.07 	-0.08 	-0.08 	-0.09 	-0.09 	-0.10 	-0.10 	-0.10 	-0.10 	-0.10 	-0.10 	-0.10 	-0.09 	-0.09 	-0.08 	-0.08 	-0.07 	-0.06 	-0.05 	-0.04 	-0.03 	-0.02 	-0.01 	+0.07 	-0.10 	+0.09 	
+0.14 	-0.05 	+0.13 	+0.05 	+0.04 	+0.03 	+0.02 	+0.00 	-0.01 	-0.02 	-0.04 	-0.05 	-0.06 	-0.07 	-0.08 	-0.09 	-0.10 	-0.11 	-0.11 	-0.12 	-0.12 	-0.12 	-0.13 	-0.13 	-0.12 	-0.12 	-0.12 	-0.05 	-0.21 	-0.03 	
+0.26 	+0.08 	+0.25 	+0.17 	+0.15 	+0.13 	+0.12 	+0.10 	+0.07 	+0.05 	+0.03 	+0.01 	-0.02 	-0.04 	-0.06 	-0.08 	-0.11 	-0.13 	-0.14 	-0.16 	-0.18 	-0.19 	-0.20 	-0.21 	-0.21 	-0.22 	-0.22 	-0.16 	-0.32 	-0.15 	
+0.38 	+0.20 	+0.36 	+0.28 	+0.26 	+0.24 	+0.21 	+0.19 	+0.16 	+0.13 	+0.09 	+0.06 	+0.03 	-0.01 	-0.04 	-0.08 	-0.11 	-0.14 	-0.17 	-0.20 	-0.23 	-0.25 	-0.27 	-0.29 	-0.30 	-0.32 	-0.32 	-0.27 	-0.42 	-0.26 	
+0.49 	+0.32 	+0.47 	+0.39 	+0.37 	+0.34 	+0.31 	+0.28 	+0.24 	+0.20 	+0.16 	+0.11 	+0.07 	+0.02 	-0.02 	-0.07 	-0.11 	-0.16 	-0.20 	-0.24 	-0.28 	-0.31 	-0.34 	-0.37 	-0.39 	-0.41 	-0.42 	-0.38 	-0.52 	-0.38 	
+0.59 	+0.44 	+0.58 	+0.49 	+0.47 	+0.44 	+0.40 	+0.36 	+0.32 	+0.27 	+0.22 	+0.17 	+0.11 	+0.05 	-0.00 	-0.06 	-0.12 	-0.17 	-0.22 	-0.27 	-0.32 	-0.37 	-0.41 	-0.44 	-0.47 	-0.50 	-0.52 	-0.48 	-0.61 	-0.48 	
+0.69 	+0.55 	+0.68 	+0.59 	+0.57 	+0.53 	+0.49 	+0.44 	+0.39 	+0.34 	+0.28 	+0.22 	+0.15 	+0.08 	+0.02 	-0.05 	-0.12 	-0.18 	-0.25 	-0.31 	-0.36 	-0.42 	-0.47 	-0.51 	-0.55 	-0.58 	-0.61 	-0.58 	-0.69 	-0.59 	
+0.78 	+0.66 	+0.77 	+0.69 	+0.66 	+0.62 	+0.57 	+0.52 	+0.46 	+0.40 	+0.33 	+0.26 	+0.19 	+0.11 	+0.04 	-0.04 	-0.12 	-0.19 	-0.26 	-0.33 	-0.40 	-0.46 	-0.52 	-0.57 	-0.62 	-0.66 	-0.69 	-0.67 	-0.77 	-0.69 	
+0.86 	+0.76 	+0.85 	+0.77 	+0.74 	+0.70 	+0.65 	+0.59 	+0.53 	+0.46 	+0.39 	+0.31 	+0.23 	+0.14 	+0.06 	-0.03 	-0.11 	-0.20 	-0.28 	-0.36 	-0.44 	-0.51 	-0.57 	-0.63 	-0.68 	-0.73 	-0.76 	-0.75 	-0.84 	-0.78 	
+0.94 	+0.85 	+0.93 	+0.85 	+0.81 	+0.77 	+0.72 	+0.66 	+0.59 	+0.51 	+0.43 	+0.35 	+0.26 	+0.17 	+0.08 	-0.02 	-0.11 	-0.20 	-0.29 	-0.38 	-0.46 	-0.54 	-0.61 	-0.68 	-0.74 	-0.79 	-0.83 	-0.83 	-0.90 	-0.86 	
+1.00 	+0.93 	+0.99 	+0.92 	+0.88 	+0.83 	+0.78 	+0.71 	+0.64 	+0.56 	+0.48 	+0.39 	+0.29 	+0.20 	+0.10 	-0.01 	-0.11 	-0.21 	-0.30 	-0.40 	-0.49 	-0.57 	-0.65 	-0.72 	-0.79 	-0.84 	-0.89 	-0.89 	-0.95 	-0.93 	
+1.05 	+1.00 	+1.05 	+0.98 	+0.94 	+0.89 	+0.83 	+0.76 	+0.69 	+0.61 	+0.52 	+0.42 	+0.32 	+0.22 	+0.11 	+0.01 	-0.10 	-0.21 	-0.31 	-0.41 	-0.51 	-0.60 	-0.68 	-0.76 	-0.83 	-0.88 	-0.93 	-0.95 	-0.99 	-0.99 	
+1.09 	+1.06 	+1.09 	+1.02 	+0.98 	+0.93 	+0.88 	+0.81 	+0.73 	+0.64 	+0.55 	+0.45 	+0.35 	+0.24 	+0.13 	+0.02 	-0.10 	-0.21 	-0.31 	-0.42 	-0.52 	-0.62 	-0.70 	-0.78 	-0.86 	-0.92 	-0.97 	-1.00 	-1.02 	-1.04 	
+1.12 	+1.11 	+1.12 	+1.06 	+1.02 	+0.97 	+0.91 	+0.84 	+0.76 	+0.67 	+0.58 	+0.47 	+0.37 	+0.26 	+0.14 	+0.03 	-0.09 	-0.20 	-0.31 	-0.42 	-0.53 	-0.63 	-0.72 	-0.80 	-0.88 	-0.94 	-1.00 	-1.03 	-1.04 	-1.08 	
-3.48 	-3.44 	-3.36 	-3.27 	-3.11 	-2.93 	-2.71 	-2.46 	-2.19 	-1.89 	-1.57 	-1.23 	-0.88 	-0.52 	-0.15 	+0.21 	+0.58 	+0.94 	+1.29 	+1.62 	+1.94 	+2.23 	+2.50 	+2.75 	+2.96 	+3.14 	+3.29 	+3.40 	+3.52 	+3.50 	
+13.29 	+13.37 	+13.17 	+12.80 	+12.32 	+11.70 	+10.96 	+10.10 	+9.12 	+8.05 	+6.89 	+5.65 	+4.35 	+3.00 	+1.62 	+0.22 	-1.18 	-2.56 	-3.92 	-5.24 	-6.50 	-7.69 	-8.79 	-9.80 	-10.70 	-11.48 	-12.14 	-12.66 	-13.00 	-13.38 	
+0.00 	+0.00 	+0.00 	+0.00 	+0.00 	+0.00 	+0.00 	+0.00 	+0.00 	+0.00 	+0.00 	+0.00 	+0.00 	+0.00 	+0.00 	+0.00 	-0.00 	-0.00 	-0.00 	-0.00 	-0.00 	-0.00 	-0.00 	-0.00 	-0.00 	-0.00 	-0.00 	-0.00 	-0.00 	-0.00 	

 
 
+1.00 	+0.99 	+0.98 	+0.95 	+0.91 	+0.86 	+0.81 	+0.74 	+0.67 	+0.59 	+0.50 	+0.41 	+0.31 	+0.21 	+0.10 	-0.00 	-0.10 	-0.21 	-0.31 	-0.41 	-0.50 	-0.59 	-0.67 	-0.74 	-0.81 	-0.86 	-0.91 	-0.95 	-0.98 	-0.99 	
+1.00 	+0.99 	+0.97 	+0.95 	+0.91 	+0.86 	+0.81 	+0.74 	+0.67 	+0.59 	+0.50 	+0.41 	+0.31 	+0.21 	+0.10 	+0.00 	-0.10 	-0.21 	-0.31 	-0.41 	-0.50 	-0.59 	-0.67 	-0.74 	-0.81 	-0.86 	-0.91 	-0.95 	-0.97 	-0.99 	
+0.98 	+0.97 	+0.96 	+0.93 	+0.89 	+0.85 	+0.79 	+0.73 	+0.65 	+0.57 	+0.49 	+0.40 	+0.30 	+0.20 	+0.10 	-0.00 	-0.10 	-0.20 	-0.30 	-0.40 	-0.49 	-0.57 	-0.65 	-0.73 	-0.79 	-0.85 	-0.89 	-0.93 	-0.96 	-0.97 	
+0.95 	+0.95 	+0.93 	+0.90 	+0.87 	+0.82 	+0.77 	+0.71 	+0.64 	+0.56 	+0.48 	+0.39 	+0.29 	+0.20 	+0.10 	-0.00 	-0.10 	-0.20 	-0.29 	-0.39 	-0.48 	-0.56 	-0.64 	-0.71 	-0.77 	-0.82 	-0.87 	-0.90 	-0.93 	-0.95 	
+0.91 	+0.91 	+0.89 	+0.87 	+0.83 	+0.79 	+0.74 	+0.68 	+0.61 	+0.54 	+0.46 	+0.37 	+0.28 	+0.19 	+0.10 	-0.00 	-0.10 	-0.19 	-0.28 	-0.37 	-0.46 	-0.54 	-0.61 	-0.68 	-0.74 	-0.79 	-0.83 	-0.87 	-0.89 	-0.91 	
+0.87 	+0.86 	+0.85 	+0.82 	+0.79 	+0.75 	+0.70 	+0.64 	+0.58 	+0.51 	+0.43 	+0.35 	+0.27 	+0.18 	+0.09 	-0.00 	-0.09 	-0.18 	-0.27 	-0.35 	-0.43 	-0.51 	-0.58 	-0.64 	-0.70 	-0.75 	-0.79 	-0.82 	-0.85 	-0.86 	
+0.81 	+0.80 	+0.79 	+0.77 	+0.74 	+0.70 	+0.65 	+0.60 	+0.54 	+0.48 	+0.40 	+0.33 	+0.25 	+0.17 	+0.08 	-0.00 	-0.08 	-0.17 	-0.25 	-0.33 	-0.40 	-0.48 	-0.54 	-0.60 	-0.65 	-0.70 	-0.74 	-0.77 	-0.79 	-0.80 	
+0.74 	+0.74 	+0.73 	+0.71 	+0.68 	+0.64 	+0.60 	+0.55 	+0.50 	+0.44 	+0.37 	+0.30 	+0.23 	+0.15 	+0.08 	+0.00 	-0.08 	-0.15 	-0.23 	-0.30 	-0.37 	-0.44 	-0.50 	-0.55 	-0.60 	-0.64 	-0.68 	-0.71 	-0.73 	-0.74 	
+0.67 	+0.67 	+0.65 	+0.64 	+0.61 	+0.58 	+0.54 	+0.50 	+0.45 	+0.39 	+0.33 	+0.27 	+0.21 	+0.14 	+0.07 	-0.00 	-0.07 	-0.14 	-0.21 	-0.27 	-0.33 	-0.39 	-0.45 	-0.50 	-0.54 	-0.58 	-0.61 	-0.64 	-0.65 	-0.67 	
+0.59 	+0.58 	+0.57 	+0.56 	+0.54 	+0.51 	+0.48 	+0.44 	+0.39 	+0.35 	+0.29 	+0.24 	+0.18 	+0.12 	+0.06 	-0.00 	-0.06 	-0.12 	-0.18 	-0.24 	-0.29 	-0.35 	-0.39 	-0.44 	-0.48 	-0.51 	-0.54 	-0.56 	-0.57 	-0.58 	
+0.50 	+0.50 	+0.49 	+0.48 	+0.46 	+0.43 	+0.40 	+0.37 	+0.33 	+0.29 	+0.25 	+0.20 	+0.15 	+0.10 	+0.05 	-0.00 	-0.05 	-0.10 	-0.15 	-0.20 	-0.25 	-0.29 	-0.33 	-0.37 	-0.40 	-0.43 	-0.46 	-0.48 	-0.49 	-0.50 	
+0.41 	+0.40 	+0.40 	+0.39 	+0.37 	+0.35 	+0.33 	+0.30 	+0.27 	+0.24 	+0.20 	+0.17 	+0.13 	+0.08 	+0.04 	-0.00 	-0.04 	-0.08 	-0.13 	-0.17 	-0.20 	-0.24 	-0.27 	-0.30 	-0.33 	-0.35 	-0.37 	-0.39 	-0.40 	-0.40 	
+0.31 	+0.31 	+0.30 	+0.29 	+0.28 	+0.27 	+0.25 	+0.23 	+0.21 	+0.18 	+0.15 	+0.13 	+0.10 	+0.06 	+0.03 	-0.00 	-0.03 	-0.06 	-0.10 	-0.13 	-0.15 	-0.18 	-0.21 	-0.23 	-0.25 	-0.27 	-0.28 	-0.29 	-0.30 	-0.31 	
+0.21 	+0.21 	+0.20 	+0.20 	+0.19 	+0.18 	+0.17 	+0.15 	+0.14 	+0.12 	+0.10 	+0.08 	+0.06 	+0.04 	+0.02 	-0.00 	-0.02 	-0.04 	-0.06 	-0.08 	-0.10 	-0.12 	-0.14 	-0.15 	-0.17 	-0.18 	-0.19 	-0.20 	-0.20 	-0.21 	
+0.10 	+0.10 	+0.10 	+0.10 	+0.10 	+0.09 	+0.08 	+0.08 	+0.07 	+0.06 	+0.05 	+0.04 	+0.03 	+0.02 	+0.01 	+0.00 	-0.01 	-0.02 	-0.03 	-0.04 	-0.05 	-0.06 	-0.07 	-0.08 	-0.08 	-0.09 	-0.10 	-0.10 	-0.10 	-0.10 	
-0.00 	-0.00 	-0.00 	-0.00 	-0.00 	-0.00 	-0.00 	-0.00 	-0.00 	-0.00 	-0.00 	-0.00 	-0.00 	-0.00 	-0.00 	-0.00 	+0.00 	+0.00 	+0.00 	+0.00 	+0.00 	+0.00 	+0.00 	+0.00 	+0.00 	+0.00 	+0.00 	+0.00 	+0.00 	+0.00 	
-0.10 	-0.10 	-0.10 	-0.10 	-0.10 	-0.09 	-0.08 	-0.08 	-0.07 	-0.06 	-0.05 	-0.04 	-0.03 	-0.02 	-0.01 	-0.00 	+0.01 	+0.02 	+0.03 	+0.04 	+0.05 	+0.06 	+0.07 	+0.08 	+0.08 	+0.09 	+0.10 	+0.10 	+0.10 	+0.10 	
-0.21 	-0.21 	-0.20 	-0.20 	-0.19 	-0.18 	-0.17 	-0.15 	-0.14 	-0.12 	-0.10 	-0.08 	-0.06 	-0.04 	-0.02 	-0.00 	+0.02 	+0.04 	+0.06 	+0.08 	+0.10 	+0.12 	+0.14 	+0.15 	+0.17 	+0.18 	+0.19 	+0.20 	+0.20 	+0.21 	
-0.31 	-0.31 	-0.30 	-0.29 	-0.28 	-0.27 	-0.25 	-0.23 	-0.21 	-0.18 	-0.15 	-0.13 	-0.10 	-0.06 	-0.03 	-0.00 	+0.03 	+0.06 	+0.10 	+0.13 	+0.15 	+0.18 	+0.21 	+0.23 	+0.25 	+0.27 	+0.28 	+0.29 	+0.30 	+0.31 	
-0.41 	-0.40 	-0.40 	-0.39 	-0.37 	-0.35 	-0.33 	-0.30 	-0.27 	-0.24 	-0.20 	-0.17 	-0.13 	-0.08 	-0.04 	-0.00 	+0.04 	+0.08 	+0.13 	+0.17 	+0.20 	+0.24 	+0.27 	+0.30 	+0.33 	+0.35 	+0.37 	+0.39 	+0.40 	+0.40 	
-0.50 	-0.50 	-0.49 	-0.48 	-0.46 	-0.43 	-0.40 	-0.37 	-0.33 	-0.29 	-0.25 	-0.20 	-0.15 	-0.10 	-0.05 	-0.00 	+0.05 	+0.10 	+0.15 	+0.20 	+0.25 	+0.29 	+0.33 	+0.37 	+0.40 	+0.43 	+0.46 	+0.48 	+0.49 	+0.50 	
-0.59 	-0.58 	-0.57 	-0.56 	-0.54 	-0.51 	-0.48 	-0.44 	-0.39 	-0.35 	-0.29 	-0.24 	-0.18 	-0.12 	-0.06 	-0.00 	+0.06 	+0.12 	+0.18 	+0.24 	+0.29 	+0.35 	+0.39 	+0.44 	+0.48 	+0.51 	+0.54 	+0.56 	+0.57 	+0.58 	
-0.67 	-0.67 	-0.65 	-0.64 	-0.61 	-0.58 	-0.54 	-0.50 	-0.45 	-0.39 	-0.33 	-0.27 	-0.21 	-0.14 	-0.07 	-0.00 	+0.07 	+0.14 	+0.21 	+0.27 	+0.33 	+0.39 	+0.45 	+0.50 	+0.54 	+0.58 	+0.61 	+0.64 	+0.65 	+0.67 	
-0.74 	-0.74 	-0.73 	-0.71 	-0.68 	-0.64 	-0.60 	-0.55 	-0.50 	-0.44 	-0.37 	-0.30 	-0.23 	-0.15 	-0.08 	-0.00 	+0.08 	+0.15 	+0.23 	+0.30 	+0.37 	+0.44 	+0.50 	+0.55 	+0.60 	+0.64 	+0.68 	+0.71 	+0.73 	+0.74 	
-0.81 	-0.80 	-0.79 	-0.77 	-0.74 	-0.70 	-0.65 	-0.60 	-0.54 	-0.48 	-0.40 	-0.33 	-0.25 	-0.17 	-0.08 	+0.00 	+0.08 	+0.17 	+0.25 	+0.33 	+0.40 	+0.48 	+0.54 	+0.60 	+0.65 	+0.70 	+0.74 	+0.77 	+0.79 	+0.80 	
-0.87 	-0.86 	-0.85 	-0.82 	-0.79 	-0.75 	-0.70 	-0.64 	-0.58 	-0.51 	-0.43 	-0.35 	-0.27 	-0.18 	-0.09 	+0.00 	+0.09 	+0.18 	+0.27 	+0.35 	+0.43 	+0.51 	+0.58 	+0.64 	+0.70 	+0.75 	+0.79 	+0.82 	+0.85 	+0.86 	
-0.91 	-0.91 	-0.89 	-0.87 	-0.83 	-0.79 	-0.74 	-0.68 	-0.61 	-0.54 	-0.46 	-0.37 	-0.28 	-0.19 	-0.10 	+0.00 	+0.10 	+0.19 	+0.28 	+0.37 	+0.46 	+0.54 	+0.61 	+0.68 	+0.74 	+0.79 	+0.83 	+0.87 	+0.89 	+0.91 	
-0.95 	-0.95 	-0.93 	-0.90 	-0.87 	-0.82 	-0.77 	-0.71 	-0.64 	-0.56 	-0.48 	-0.39 	-0.29 	-0.20 	-0.10 	+0.00 	+0.10 	+0.20 	+0.29 	+0.39 	+0.48 	+0.56 	+0.64 	+0.71 	+0.77 	+0.82 	+0.87 	+0.90 	+0.93 	+0.95 	
-0.98 	-0.97 	-0.96 	-0.93 	-0.89 	-0.85 	-0.79 	-0.73 	-0.65 	-0.57 	-0.49 	-0.40 	-0.30 	-0.20 	-0.10 	+0.00 	+0.10 	+0.20 	+0.30 	+0.40 	+0.49 	+0.57 	+0.65 	+0.73 	+0.79 	+0.85 	+0.89 	+0.93 	+0.96 	+0.97 	
-0.99 	-0.99 	-0.97 	-0.95 	-0.91 	-0.86 	-0.80 	-0.74 	-0.67 	-0.58 	-0.50 	-0.40 	-0.31 	-0.21 	-0.10 	+0.00 	+0.10 	+0.21 	+0.31 	+0.40 	+0.50 	+0.58 	+0.67 	+0.74 	+0.80 	+0.86 	+0.91 	+0.95 	+0.97 	+0.99 	

 
 
