0.000000e+00 0.000000e+00 0.000000e+00 0.000000e+00
3.141593e-01 0.000000e+00 0.000000e+00 3.141593e-01
6.283185e-01 0.000000e+00 0.000000e+00 3.141593e-01
9.424778e-01 0.000000e+00 0.000000e+00 3.141593e-01
1.256637e+00 0.000000e+00 0.000000e+00 3.141593e-01
1.570796e+00 0.000000e+00 0.000000e+00 3.141593e-01
1.884956e+00 0.000000e+00 0.000000e+00 3.141593e-01
2.199115e+00 0.000000e+00 0.000000e+00 3.141593e-01
2.513274e+00 0.000000e+00 0.000000e+00 3.141593e-01
2.827433e+00 0.000000e+00 0.000000e+00 3.141593e-01
3.141593e+00 0.000000e+00 0.000000e+00 0.000000e+00
3.455752e+00 0.000000e+00 0.000000e+00 -3.141593e-01
3.769911e+00 0.000000e+00 0.000000e+00 -3.141593e-01
4.084070e+00 0.000000e+00 0.000000e+00 -3.141593e-01
4.398230e+00 0.000000e+00 0.000000e+00 -3.141593e-01
4.712389e+00 0.000000e+00 0.000000e+00 -3.141593e-01
5.026548e+00 0.000000e+00 0.000000e+00 -3.141593e-01
5.340708e+00 0.000000e+00 0.000000e+00 -3.141593e-01
5.654867e+00 0.000000e+00 0.000000e+00 -3.141593e-01
5.969026e+00 0.000000e+00 0.000000e+00 -3.141593e-01
6.283185e+00 0.000000e+00 0.000000e+00 0.000000e+00
0.000000e+00 3.141593e-01 0.000000e+00 0.000000e+00
3.141593e-01 3.141593e-01 1.608156e-02 3.137474e-01
6.283185e-01 3.141593e-01 3.674135e-02 3.120034e-01
9.424778e-01 3.141593e-01 1.388181e-02 3.138524e-01
1.256637e+00 3.141593e-01 1.696997e-02 3.137006e-01
1.570796e+00 3.141593e-01 8.609007e-03 3.140413e-01
1.884956e+00 3.141593e-01 2.063410e-04 3.141592e-01
2.199115e+00 3.141593e-01 3.124512e-03 3.141437e-01
2.513274e+00 3.141593e-01 -2.406554e-02 3.132362e-01
2.827433e+00 3.141593e-01 -4.650469e-04 3.141589e-01
3.141593e+00 3.141593e-01 0.000000e+00 0.000000e+00
3.455752e+00 3.141593e-01 1.603442e-03 -3.141552e-01
3.769911e+00 3.141593e-01 -1.244066e-02 -3.139128e-01
4.084070e+00 3.141593e-01 -4.970733e-03 -3.141199e-01
4.398230e+00 3.141593e-01 -1.383283e-02 -3.138546e-01
4.712389e+00 3.141593e-01 -7.788156e-03 -3.140627e-01
5.026548e+00 3.141593e-01 -1.094316e-02 -3.139686e-01
5.340708e+00 3.141593e-01 -7.256897e-03 -3.140754e-01
5.654867e+00 3.141593e-01 -6.437272e-03 -3.140933e-01
5.969026e+00 3.141593e-01 -3.408186e-03 -3.141408e-01
6.283185e+00 3.141593e-01 0.000000e+00 0.000000e+00
0.000000e+00 6.283185e-01 0.000000e+00 0.000000e+00
3.141593e-01 6.283185e-01 2.536116e-02 3.131339e-01
6.283185e-01 6.283185e-01 5.527171e-02 3.092589e-01
9.424778e-01 6.283185e-01 2.620103e-02 3.130648e-01
1.256637e+00 6.283185e-01 3.476135e-02 3.122302e-01
1.570796e+00 6.283185e-01 1.697417e-02 3.137004e-01
1.884956e+00 6.283185e-01 1.168052e-02 3.139420e-01
2.199115e+00 6.283185e-01 5.816499e-03 3.141054e-01
2.513274e+00 6.283185e-01 -2.186138e-02 3.133977e-01
2.827433e+00 6.283185e-01 5.312122e-04 3.141588e-01
3.141593e+00 6.283185e-01 0.000000e+00 0.000000e+00
3.455752e+00 6.283185e-01 3.919205e-02 -3.117050e-01
3.769911e+00 6.283185e-01 -2.369238e-02 -3.132646e-01
4.084070e+00 6.283185e-01 -1.804385e-02 -3.136407e-01
4.398230e+00 6.283185e-01 -2.263014e-02 -3.133431e-01
4.712389e+00 6.283185e-01 -1.617564e-02 -3.137426e-01
5.026548e+00 6.283185e-01 -1.717450e-02 -3.136895e-01
5.340708e+00 6.283185e-01 -1.370976e-02 -3.138600e-01
5.654867e+00 6.283185e-01 -1.291370e-02 -3.138937e-01
5.969026e+00 6.283185e-01 -7.300881e-03 -3.140744e-01
6.283185e+00 6.283185e-01 0.000000e+00 0.000000e+00
0.000000e+00 9.424778e-01 0.000000e+00 0.000000e+00
3.141593e-01 9.424778e-01 2.886678e-02 3.128302e-01
6.283185e-01 9.424778e-01 6.052064e-02 3.082747e-01
9.424778e-01 9.424778e-01 3.625884e-02 3.120598e-01
1.256637e+00 9.424778e-01 4.300311e-02 3.112021e-01
1.570796e+00 9.424778e-01 2.647962e-02 3.130413e-01
1.884956e+00 9.424778e-01 1.649897e-02 3.137257e-01
2.199115e+00 9.424778e-01 1.192515e-02 3.139329e-01
2.513274e+00 9.424778e-01 -1.718358e-02 3.136890e-01
2.827433e+00 9.424778e-01 6.608496e-03 3.140898e-01
3.141593e+00 9.424778e-01 0.000000e+00 0.000000e+00
3.455752e+00 9.424778e-01 2.472954e-01 -1.937551e-01
3.769911e+00 9.424778e-01 -7.046936e-02 -3.061537e-01
4.084070e+00 9.424778e-01 -2.646387e-02 -3.130427e-01
4.398230e+00 9.424778e-01 -3.554726e-02 -3.121417e-01
4.712389e+00 9.424778e-01 -2.142827e-02 -3.134276e-01
5.026548e+00 9.424778e-01 -2.273335e-02 -3.133357e-01
5.340708e+00 9.424778e-01 -1.750497e-02 -3.136712e-01
5.654867e+00 9.424778e-01 -1.738719e-02 -3.136777e-01
5.969026e+00 9.424778e-01 -9.934351e-03 -3.140022e-01
6.283185e+00 9.424778e-01 0.000000e+00 0.000000e+00
0.000000e+00 1.256637e+00 0.000000e+00 0.000000e+00
3.141593e-01 1.256637e+00 3.236728e-02 3.124874e-01
6.283185e-01 1.256637e+00 6.571659e-02 3.072090e-01
9.424778e-01 1.256637e+00 4.338467e-02 3.111492e-01
1.256637e+00 1.256637e+00 5.537361e-02 3.092407e-01
1.570796e+00 1.256637e+00 3.456565e-02 3.122519e-01
1.884956e+00 1.256637e+00 3.122158e-02 3.126040e-01
2.199115e+00 1.256637e+00 1.903300e-02 3.135822e-01
2.513274e+00 1.256637e+00 -6.689822e-04 3.141586e-01
2.827433e+00 1.256637e+00 1.360169e-02 3.138647e-01
3.141593e+00 1.256637e+00 0.000000e+00 0.000000e+00
3.455752e+00 1.256637e+00 2.914805e-01 1.171971e-01
3.769911e+00 1.256637e+00 -4.560149e-02 -3.108320e-01
4.084070e+00 1.256637e+00 -1.873697e-02 -3.136000e-01
4.398230e+00 1.256637e+00 -2.675917e-02 -3.130176e-01
4.712389e+00 1.256637e+00 -1.754864e-02 -3.136688e-01
5.026548e+00 1.256637e+00 -1.840188e-02 -3.136199e-01
5.340708e+00 1.256637e+00 -1.573332e-02 -3.137651e-01
5.654867e+00 1.256637e+00 -1.685148e-02 -3.137070e-01
5.969026e+00 1.256637e+00 -9.846966e-03 -3.140049e-01
6.283185e+00 1.256637e+00 0.000000e+00 0.000000e+00
0.000000e+00 1.570796e+00 0.000000e+00 0.000000e+00
3.141593e-01 1.570796e+00 3.389875e-02 3.123250e-01
6.283185e-01 1.570796e+00 6.624164e-02 3.070962e-01
9.424778e-01 1.570796e+00 5.044335e-02 3.100831e-01
1.256637e+00 1.570796e+00 6.153039e-02 3.080748e-01
1.570796e+00 1.570796e+00 4.558592e-02 3.108343e-01
1.884956e+00 1.570796e+00 3.978482e-02 3.116299e-01
2.199115e+00 1.570796e+00 3.103447e-02 3.126226e-01
2.513274e+00 1.570796e+00 1.038226e-02 3.139877e-01
2.827433e+00 1.570796e+00 2.507614e-02 3.131569e-01
3.141593e+00 1.570796e+00 0.000000e+00 0.000000e+00
3.455752e+00 1.570796e+00 3.141590e-01 -4.422698e-04
3.769911e+00 1.570796e+00 -5.715172e-02 -3.089170e-01
4.084070e+00 1.570796e+00 -8.460786e-03 -3.140453e-01
4.398230e+00 1.570796e+00 -2.458697e-02 -3.131957e-01
4.712389e+00 1.570796e+00 -1.225128e-02 -3.139203e-01
5.026548e+00 1.570796e+00 -1.460717e-02 -3.138195e-01
5.340708e+00 1.570796e+00 -1.232359e-02 -3.139175e-01
5.654867e+00 1.570796e+00 -1.525654e-02 -3.137886e-01
5.969026e+00 1.570796e+00 -9.156958e-03 -3.140258e-01
6.283185e+00 1.570796e+00 0.000000e+00 0.000000e+00
0.000000e+00 1.884956e+00 0.000000e+00 0.000000e+00
3.141593e-01 1.884956e+00 3.636547e-02 3.120474e-01
6.283185e-01 1.884956e+00 7.048416e-02 3.061503e-01
9.424778e-01 1.884956e+00 5.596963e-02 3.091334e-01
1.256637e+00 1.884956e+00 7.386451e-02 3.053524e-01
1.570796e+00 1.884956e+00 5.432508e-02 3.094266e-01
1.884956e+00 1.884956e+00 5.898448e-02 3.085723e-01
2.199115e+00 1.884956e+00 4.150385e-02 3.114056e-01
2.513274e+00 1.884956e+00 3.514406e-02 3.121873e-01
2.827433e+00 1.884956e+00 3.686716e-02 3.119886e-01
3.141593e+00 1.884956e+00 0.000000e+00 0.000000e+00
3.455752e+00 1.884956e+00 3.009041e-01 9.029282e-02
3.769911e+00 1.884956e+00 1.619385e-01 -2.692062e-01
4.084070e+00 1.884956e+00 1.818499e-02 -3.136325e-01
4.398230e+00 1.884956e+00 2.840899e-03 -3.141464e-01
4.712389e+00 1.884956e+00 3.093231e-03 -3.141440e-01
5.026548e+00 1.884956e+00 7.431115e-04 -3.141584e-01
5.340708e+00 1.884956e+00 -2.541321e-03 -3.141490e-01
5.654867e+00 1.884956e+00 -7.631030e-03 -3.140666e-01
5.969026e+00 1.884956e+00 -5.265137e-03 -3.141151e-01
6.283185e+00 1.884956e+00 0.000000e+00 0.000000e+00
0.000000e+00 2.199115e+00 0.000000e+00 0.000000e+00
3.141593e-01 2.199115e+00 3.852519e-02 3.117882e-01
6.283185e-01 2.199115e+00 7.232670e-02 3.057203e-01
9.424778e-01 2.199115e+00 6.437211e-02 3.074935e-01
1.256637e+00 2.199115e+00 8.207116e-02 3.032497e-01
1.570796e+00 2.199115e+00 6.936942e-02 3.064048e-01
1.884956e+00 2.199115e+00 7.231128e-02 3.057239e-01
2.199115e+00 2.199115e+00 6.109408e-02 3.081616e-01
2.513274e+00 2.199115e+00 5.108071e-02 3.099787e-01
2.827433e+00 2.199115e+00 4.959870e-02 3.102193e-01
3.141593e+00 2.199115e+00 0.000000e+00 0.000000e+00
3.455752e+00 2.199115e+00 3.079812e-01 -6.199697e-02
3.769911e+00 2.199115e+00 2.569261e-01 -1.807900e-01
4.084070e+00 2.199115e+00 3.977713e-02 -3.116309e-01
4.398230e+00 2.199115e+00 2.398529e-02 -3.132423e-01
4.712389e+00 2.199115e+00 2.148054e-02 -3.134240e-01
5.026548e+00 2.199115e+00 1.630088e-02 -3.137361e-01
5.340708e+00 2.199115e+00 9.483436e-03 -3.140161e-01
5.654867e+00 2.199115e+00 8.849980e-04 -3.141580e-01
5.969026e+00 2.199115e+00 -1.261873e-03 -3.141567e-01
6.283185e+00 2.199115e+00 0.000000e+00 0.000000e+00
0.000000e+00 2.513274e+00 0.000000e+00 0.000000e+00
3.141593e-01 2.513274e+00 4.063159e-02 3.115207e-01
6.283185e-01 2.513274e+00 7.916865e-02 3.040203e-01
9.424778e-01 2.513274e+00 7.199197e-02 3.057993e-01
1.256637e+00 2.513274e+00 9.812302e-02 2.984425e-01
1.570796e+00 2.513274e+00 8.168954e-02 3.033527e-01
1.884956e+00 2.513274e+00 9.841440e-02 2.983465e-01
2.199115e+00 2.513274e+00 7.370752e-02 3.053903e-01
2.513274e+00 2.513274e+00 8.215275e-02 3.032276e-01
2.827433e+00 2.513274e+00 3.749038e-02 3.119143e-01
3.141593e+00 2.513274e+00 0.000000e+00 0.000000e+00
3.455752e+00 2.513274e+00 3.141593e-01 -8.647972e-05
3.769911e+00 2.513274e+00 2.873646e-01 1.269552e-01
4.084070e+00 2.513274e+00 9.079034e-02 -3.007543e-01
4.398230e+00 2.513274e+00 7.814073e-02 -3.042862e-01
4.712389e+00 2.513274e+00 5.319037e-02 -3.096237e-01
5.026548e+00 2.513274e+00 4.573960e-02 -3.108117e-01
5.340708e+00 2.513274e+00 2.921811e-02 -3.127976e-01
5.654867e+00 2.513274e+00 1.645254e-02 -3.137282e-01
5.969026e+00 2.513274e+00 6.211276e-03 -3.140979e-01
6.283185e+00 2.513274e+00 0.000000e+00 0.000000e+00
0.000000e+00 2.827433e+00 0.000000e+00 0.000000e+00
3.141593e-01 2.827433e+00 4.457044e-02 3.109815e-01
6.283185e-01 2.827433e+00 8.481915e-02 3.024926e-01
9.424778e-01 2.827433e+00 8.324065e-02 3.029307e-01
1.256637e+00 2.827433e+00 1.106817e-01 2.940163e-01
1.570796e+00 2.827433e+00 1.014809e-01 2.973175e-01
1.884956e+00 2.827433e+00 1.169329e-01 2.915866e-01
2.199115e+00 2.827433e+00 1.052407e-01 2.960075e-01
2.513274e+00 2.827433e+00 1.038411e-01 2.965014e-01
2.827433e+00 2.827433e+00 1.102119e-01 2.941928e-01
3.141593e+00 2.827433e+00 0.000000e+00 0.000000e+00
3.455752e+00 2.827433e+00 -1.388389e-01 -2.818152e-01
3.769911e+00 2.827433e+00 2.920419e-01 -1.157910e-01
4.084070e+00 2.827433e+00 1.267078e-01 -2.874738e-01
4.398230e+00 2.827433e+00 1.192412e-01 -2.906503e-01
4.712389e+00 2.827433e+00 8.864574e-02 -3.013934e-01
5.026548e+00 2.827433e+00 7.541535e-02 -3.049731e-01
5.340708e+00 2.827433e+00 5.171301e-02 -3.098739e-01
5.654867e+00 2.827433e+00 3.258033e-02 -3.124653e-01
5.969026e+00 2.827433e+00 1.338364e-02 -3.138741e-01
6.283185e+00 2.827433e+00 0.000000e+00 0.000000e+00
0.000000e+00 3.141593e+00 0.000000e+00 0.000000e+00
3.141593e-01 3.141593e+00 4.473070e-02 3.109585e-01
6.283185e-01 3.141593e+00 9.641084e-02 2.990000e-01
9.424778e-01 3.141593e+00 9.483264e-02 2.995043e-01
1.256637e+00 3.141593e+00 1.325982e-01 2.848048e-01
1.570796e+00 3.141593e+00 1.231556e-01 2.890134e-01
1.884956e+00 3.141593e+00 1.567005e-01 2.722884e-01
2.199115e+00 3.141593e+00 1.427344e-01 2.798624e-01
2.513274e+00 3.141593e+00 1.834096e-01 2.550626e-01
2.827433e+00 3.141593e+00 1.733738e-01 2.619877e-01
3.141593e+00 3.141593e+00 2.686044e-01 1.629348e-01
3.455752e+00 3.141593e+00 3.052800e-01 -7.416328e-02
3.769911e+00 3.141593e+00 2.860986e-01 -1.297831e-01
4.084070e+00 3.141593e+00 2.063732e-01 -2.368674e-01
4.398230e+00 3.141593e+00 1.822470e-01 -2.558947e-01
4.712389e+00 3.141593e+00 1.369264e-01 -2.827493e-01
5.026548e+00 3.141593e+00 1.169454e-01 -2.915816e-01
5.340708e+00 3.141593e+00 8.149157e-02 -3.034059e-01
5.654867e+00 3.141593e+00 5.551772e-02 -3.092149e-01
5.969026e+00 3.141593e+00 2.355403e-02 -3.132750e-01
6.283185e+00 3.141593e+00 0.000000e+00 0.000000e+00
0.000000e+00 3.455752e+00 0.000000e+00 0.000000e+00
3.141593e-01 3.455752e+00 5.221425e-02 3.097898e-01
6.283185e-01 3.455752e+00 1.105331e-01 2.940722e-01
9.424778e-01 3.455752e+00 1.072778e-01 2.952753e-01
1.256637e+00 3.455752e+00 1.524736e-01 2.746777e-01
1.570796e+00 3.455752e+00 1.438900e-01 2.792699e-01
1.884956e+00 3.455752e+00 1.867951e-01 2.525938e-01
2.199115e+00 3.455752e+00 1.743280e-01 2.613538e-01
2.513274e+00 3.455752e+00 2.313864e-01 2.125003e-01
2.827433e+00 3.455752e+00 2.123354e-01 2.315377e-01
3.141593e+00 3.455752e+00 2.906771e-01 1.191757e-01
3.455752e+00 3.455752e+00 3.129544e-01 2.748770e-02
3.769911e+00 3.455752e+00 3.083056e-01 -6.036321e-02
4.084070e+00 3.455752e+00 2.668452e-01 -1.658001e-01
4.398230e+00 3.455752e+00 2.343666e-01 -2.092089e-01
4.712389e+00 3.455752e+00 1.858817e-01 -2.532667e-01
5.026548e+00 3.455752e+00 1.578841e-01 -2.716039e-01
5.340708e+00 3.455752e+00 1.130878e-01 -2.930993e-01
5.654867e+00 3.455752e+00 7.949985e-02 -3.039339e-01
5.969026e+00 3.455752e+00 3.406821e-02 -3.123066e-01
6.283185e+00 3.455752e+00 0.000000e+00 0.000000e+00
0.000000e+00 3.769911e+00 0.000000e+00 0.000000e+00
3.141593e-01 3.769911e+00 4.766970e-02 3.105216e-01
6.283185e-01 3.769911e+00 1.277504e-01 2.870120e-01
9.424778e-01 3.769911e+00 1.155573e-01 2.921345e-01
1.256637e+00 3.769911e+00 1.721068e-01 2.628218e-01
1.570796e+00 3.769911e+00 1.586798e-01 2.711397e-01
1.884956e+00 3.769911e+00 2.109676e-01 2.327847e-01
2.199115e+00 3.769911e+00 1.937289e-01 2.473159e-01
2.513274e+00 3.769911e+00 2.565607e-01 1.813081e-01
2.827433e+00 3.769911e+00 2.344601e-01 2.091040e-01
3.141593e+00 3.769911e+00 2.924169e-01 1.148409e-01
3.455752e+00 3.769911e+00 3.129772e-01 2.722769e-02
3.769911e+00 3.769911e+00 3.117372e-01 -3.893527e-02
4.084070e+00 3.769911e+00 2.829257e-01 -1.365617e-01
4.398230e+00 3.769911e+00 2.607925e-01 -1.751665e-01
4.712389e+00 3.769911e+00 2.133273e-01 -2.306242e-01
5.026548e+00 3.769911e+00 1.884073e-01 -2.513935e-01
5.340708e+00 3.769911e+00 1.369013e-01 -2.827615e-01
5.654867e+00 3.769911e+00 1.017570e-01 -2.972231e-01
5.969026e+00 3.769911e+00 4.416125e-02 -3.110399e-01
6.283185e+00 3.769911e+00 0.000000e+00 0.000000e+00
0.000000e+00 4.084070e+00 0.000000e+00 0.000000e+00
3.141593e-01 4.084070e+00 6.098949e-02 3.081823e-01
6.283185e-01 4.084070e+00 1.622560e-01 2.690149e-01
9.424778e-01 4.084070e+00 1.265120e-01 2.875600e-01
1.256637e+00 4.084070e+00 1.950630e-01 2.462651e-01
1.570796e+00 4.084070e+00 1.727085e-01 2.624268e-01
1.884956e+00 4.084070e+00 2.344507e-01 2.091146e-01
2.199115e+00 4.084070e+00 2.097953e-01 2.338418e-01
2.513274e+00 4.084070e+00 2.763570e-01 1.494083e-01
2.827433e+00 4.084070e+00 2.538212e-01 1.851239e-01
3.141593e+00 4.084070e+00 3.003671e-01 9.206333e-02
3.455752e+00 4.084070e+00 3.123775e-01 3.341173e-02
3.769911e+00 4.084070e+00 3.131842e-01 -2.473235e-02
4.084070e+00 4.084070e+00 2.952619e-01 -1.073148e-01
4.398230e+00 4.084070e+00 2.796606e-01 -1.431293e-01
4.712389e+00 4.084070e+00 2.392198e-01 -2.036417e-01
5.026548e+00 4.084070e+00 2.182462e-01 -2.259749e-01
5.340708e+00 4.084070e+00 1.650113e-01 -2.673337e-01
5.654867e+00 4.084070e+00 1.296723e-01 -2.861488e-01
5.969026e+00 4.084070e+00 5.828876e-02 -3.087045e-01
6.283185e+00 4.084070e+00 0.000000e+00 0.000000e+00
0.000000e+00 4.398230e+00 0.000000e+00 0.000000e+00
3.141593e-01 4.398230e+00 4.831015e-02 3.104226e-01
6.283185e-01 4.398230e+00 2.082943e-01 2.351798e-01
9.424778e-01 4.398230e+00 1.287575e-01 2.865616e-01
1.256637e+00 4.398230e+00 2.133492e-01 2.306039e-01
1.570796e+00 4.398230e+00 1.782798e-01 2.586742e-01
1.884956e+00 4.398230e+00 2.490782e-01 1.914578e-01
2.199115e+00 4.398230e+00 2.170605e-01 2.271140e-01
2.513274e+00 4.398230e+00 2.832073e-01 1.359767e-01
2.827433e+00 4.398230e+00 2.656284e-01 1.677427e-01
3.141593e+00 4.398230e+00 3.030557e-01 8.278475e-02
3.455752e+00 4.398230e+00 3.129691e-01 2.732025e-02
3.769911e+00 4.398230e+00 3.135943e-01 -1.883318e-02
4.084070e+00 4.398230e+00 2.979772e-01 -9.952694e-02
4.398230e+00 4.398230e+00 2.886345e-01 -1.240410e-01
4.712389e+00 4.398230e+00 2.502416e-01 -1.899347e-01
5.026548e+00 4.398230e+00 2.370288e-01 -2.061877e-01
5.340708e+00 4.398230e+00 1.817171e-01 -2.562712e-01
5.654867e+00 4.398230e+00 1.521232e-01 -2.748719e-01
5.969026e+00 4.398230e+00 6.951561e-02 -3.063717e-01
6.283185e+00 4.398230e+00 0.000000e+00 0.000000e+00
0.000000e+00 4.712389e+00 0.000000e+00 0.000000e+00
3.141593e-01 4.712389e+00 8.120249e-02 3.034834e-01
6.283185e-01 4.712389e+00 3.091285e-01 5.599665e-02
9.424778e-01 4.712389e+00 1.377788e-01 2.823350e-01
1.256637e+00 4.712389e+00 2.418521e-01 2.005084e-01
1.570796e+00 4.712389e+00 1.852683e-01 2.537158e-01
1.884956e+00 4.712389e+00 2.671780e-01 1.652633e-01
2.199115e+00 4.712389e+00 2.253290e-01 2.189130e-01
2.513274e+00 4.712389e+00 2.918585e-01 1.162527e-01
2.827433e+00 4.712389e+00 2.766203e-01 1.489203e-01
3.141593e+00 4.712389e+00 3.071655e-01 6.591972e-02
3.455752e+00 4.712389e+00 3.130748e-01 2.608116e-02
3.769911e+00 4.712389e+00 3.138270e-01 -1.444540e-02
4.084070e+00 4.712389e+00 3.029495e-01 -8.317233e-02
4.398230e+00 4.712389e+00 2.972910e-01 -1.015584e-01
4.712389e+00 4.712389e+00 2.663636e-01 -1.665728e-01
5.026548e+00 4.712389e+00 2.593253e-01 -1.773314e-01
5.340708e+00 4.712389e+00 2.083127e-01 -2.351635e-01
5.654867e+00 4.712389e+00 1.873405e-01 -2.521896e-01
5.969026e+00 4.712389e+00 9.138216e-02 -3.005750e-01
6.283185e+00 4.712389e+00 0.000000e+00 0.000000e+00
0.000000e+00 5.026548e+00 0.000000e+00 0.000000e+00
3.141593e-01 5.026548e+00 5.351766e-02 3.095673e-01
6.283185e-01 5.026548e+00 2.044735e-01 -2.385092e-01
9.424778e-01 5.026548e+00 1.196501e-01 2.904822e-01
1.256637e+00 5.026548e+00 2.611150e-01 1.746855e-01
1.570796e+00 5.026548e+00 1.780194e-01 2.588535e-01
1.884956e+00 5.026548e+00 2.772051e-01 1.478289e-01
2.199115e+00 5.026548e+00 2.255058e-01 2.187308e-01
2.513274e+00 5.026548e+00 2.958708e-01 1.056243e-01
2.827433e+00 5.026548e+00 2.823112e-01 1.378276e-01
3.141593e+00 5.026548e+00 3.089804e-01 5.680782e-02
3.455752e+00 5.026548e+00 3.136465e-01 1.794274e-02
3.769911e+00 5.026548e+00 3.138527e-01 -1.387545e-02
4.084070e+00 5.026548e+00 3.032164e-01 -8.219401e-02
4.398230e+00 5.026548e+00 3.014264e-01 -8.853343e-02
4.712389e+00 5.026548e+00 2.722413e-01 -1.567824e-01
5.026548e+00 5.026548e+00 2.734235e-01 -1.547115e-01
5.340708e+00 5.026548e+00 2.230318e-01 -2.212529e-01
5.654867e+00 5.026548e+00 2.177160e-01 -2.264857e-01
5.969026e+00 5.026548e+00 1.105798e-01 -2.940547e-01
6.283185e+00 5.026548e+00 0.000000e+00 0.000000e+00
0.000000e+00 5.340708e+00 0.000000e+00 0.000000e+00
3.141593e-01 5.340708e+00 1.624005e-01 2.689277e-01
6.283185e-01 5.340708e+00 9.748722e-02 -2.986508e-01
9.424778e-01 5.340708e+00 9.225145e-02 3.003094e-01
1.256637e+00 5.340708e+00 2.919685e-01 1.159760e-01
1.570796e+00 5.340708e+00 1.729319e-01 2.622796e-01
1.884956e+00 5.340708e+00 2.925773e-01 1.144316e-01
2.199115e+00 5.340708e+00 2.330054e-01 2.107238e-01
2.513274e+00 5.340708e+00 3.033241e-01 8.179571e-02
2.827433e+00 5.340708e+00 2.909860e-01 1.184196e-01
3.141593e+00 5.340708e+00 3.115708e-01 4.024520e-02
3.455752e+00 5.340708e+00 3.139138e-01 1.241599e-02
3.769911e+00 5.340708e+00 3.138670e-01 -1.354709e-02
4.084070e+00 5.340708e+00 3.062960e-01 -6.984856e-02
4.398230e+00 5.340708e+00 3.063465e-01 -6.962676e-02
4.712389e+00 5.340708e+00 2.844775e-01 -1.332989e-01
5.026548e+00 5.340708e+00 2.901468e-01 -1.204610e-01
5.340708e+00 5.340708e+00 2.480697e-01 -1.927627e-01
5.654867e+00 5.340708e+00 2.604880e-01 -1.756191e-01
5.969026e+00 5.340708e+00 1.519841e-01 -2.749488e-01
6.283185e+00 5.340708e+00 0.000000e+00 0.000000e+00
0.000000e+00 5.654867e+00 0.000000e+00 0.000000e+00
3.141593e-01 5.654867e+00 6.727990e-02 3.068704e-01
6.283185e-01 5.654867e+00 -2.555277e-02 -3.131183e-01
9.424778e-01 5.654867e+00 -1.094679e-01 2.944704e-01
1.256637e+00 5.654867e+00 3.085949e-01 5.886628e-02
1.570796e+00 5.654867e+00 1.105097e-01 2.940810e-01
1.884956e+00 5.654867e+00 3.024069e-01 8.512425e-02
2.199115e+00 5.654867e+00 2.282438e-01 2.158722e-01
2.513274e+00 5.654867e+00 3.086181e-01 5.874449e-02
2.827433e+00 5.654867e+00 2.972502e-01 1.016777e-01
3.141593e+00 5.654867e+00 3.131352e-01 2.534521e-02
3.455752e+00 5.654867e+00 3.141593e-01 3.070130e-05
3.769911e+00 5.654867e+00 3.138282e-01 -1.441822e-02
4.084070e+00 5.654867e+00 3.062246e-01 -7.016059e-02
4.398230e+00 5.654867e+00 3.094963e-01 -5.392691e-02
4.712389e+00 5.654867e+00 2.883561e-01 -1.246868e-01
5.026548e+00 5.654867e+00 3.015568e-01 -8.808838e-02
5.340708e+00 5.654867e+00 2.577107e-01 -1.796697e-01
5.654867e+00 5.654867e+00 2.941563e-01 -1.103091e-01
5.969026e+00 5.654867e+00 1.966882e-01 -2.449689e-01
6.283185e+00 5.654867e+00 0.000000e+00 0.000000e+00
0.000000e+00 5.969026e+00 0.000000e+00 0.000000e+00
3.141593e-01 5.969026e+00 2.495174e-01 1.908850e-01
6.283185e-01 5.969026e+00 2.204713e-02 -3.133847e-01
9.424778e-01 5.969026e+00 -2.728031e-01 1.558028e-01
1.256637e+00 5.969026e+00 3.137087e-01 -1.681975e-02
1.570796e+00 5.969026e+00 -2.627790e-02 3.130583e-01
1.884956e+00 5.969026e+00 3.124508e-01 3.271959e-02
2.199115e+00 5.969026e+00 2.501589e-01 1.900435e-01
2.513274e+00 5.969026e+00 3.132028e-01 2.449618e-02
2.827433e+00 5.969026e+00 3.074607e-01 6.452869e-02
3.141593e+00 5.969026e+00 3.140267e-01 9.126981e-03
3.455752e+00 5.969026e+00 3.141312e-01 -4.196867e-03
3.769911e+00 5.969026e+00 3.140089e-01 -9.718672e-03
4.084070e+00 5.969026e+00 3.102687e-01 -4.928866e-02
4.398230e+00 5.969026e+00 3.127810e-01 -2.939497e-02
4.712389e+00 5.969026e+00 3.006519e-01 -9.112882e-02
5.026548e+00 5.969026e+00 3.107487e-01 -4.616582e-02
5.340708e+00 5.969026e+00 2.800019e-01 -1.424604e-01
5.654867e+00 5.969026e+00 3.114494e-01 -4.117452e-02
5.969026e+00 5.969026e+00 2.779828e-01 -1.463612e-01
6.283185e+00 5.969026e+00 0.000000e+00 0.000000e+00
0.000000e+00 6.283185e+00 0.000000e+00 0.000000e+00
3.141593e-01 6.283185e+00 0.000000e+00 0.000000e+00
6.283185e-01 6.283185e+00 0.000000e+00 0.000000e+00
9.424778e-01 6.283185e+00 0.000000e+00 0.000000e+00
1.256637e+00 6.283185e+00 0.000000e+00 0.000000e+00
1.570796e+00 6.283185e+00 0.000000e+00 0.000000e+00
1.884956e+00 6.283185e+00 0.000000e+00 0.000000e+00
2.199115e+00 6.283185e+00 0.000000e+00 0.000000e+00
2.513274e+00 6.283185e+00 0.000000e+00 0.000000e+00
2.827433e+00 6.283185e+00 0.000000e+00 0.000000e+00
3.141593e+00 6.283185e+00 0.000000e+00 0.000000e+00
3.455752e+00 6.283185e+00 0.000000e+00 0.000000e+00
3.769911e+00 6.283185e+00 0.000000e+00 0.000000e+00
4.084070e+00 6.283185e+00 0.000000e+00 0.000000e+00
4.398230e+00 6.283185e+00 0.000000e+00 0.000000e+00
4.712389e+00 6.283185e+00 0.000000e+00 0.000000e+00
5.026548e+00 6.283185e+00 0.000000e+00 0.000000e+00
5.340708e+00 6.283185e+00 0.000000e+00 0.000000e+00
5.654867e+00 6.283185e+00 0.000000e+00 0.000000e+00
5.969026e+00 6.283185e+00 0.000000e+00 0.000000e+00
6.283185e+00 6.283185e+00 0.000000e+00 0.000000e+00
